courier_id,wave_index,tracking_id,courier_wave_start_lng,courier_wave_start_lat,action_type,expect_time
10038661,0,2100076278731638510,121.420701,39.2512,PICKUP,1583292772
10043801,0,2100076281429395323,121.44883,39.115431,PICKUP,1583293312
10043801,2,2100076313735300840,121.449191,39.115497,PICKUP,1583310259
10081729,2,2100076287871976971,121.533958,39.165864,PICKUP,1583294954
10083928,0,2100076263603668787,121.595411,39.207263,PICKUP,1583282364
10102738,0,2100076280388191250,121.223571,39.129312,PICKUP,1583292813
10183941,4,2100076288602048122,121.573378,39.111058,PICKUP,1583299973
10194017,2,2100076283528841087,121.445872,39.155871,PICKUP,1583293310
10199051,0,2100076289438582180,121.466629,39.095049,PICKUP,1583294856
10208063,0,2100076270306100406,121.486562,39.024292,PICKUP,1583288587
10219599,6,2100076334384580300,121.562383,39.111212,PICKUP,1583320010
10232969,0,2100076264558757563,121.466949,39.095115,PICKUP,1583284717
10232969,4,2100076326047974606,121.477457,39.089601,PICKUP,1583316989
10239433,0,2100076275293128466,121.443622,38.967287,PICKUP,1583291488
10304094,0,2100076263063062326,121.505213,39.189696,PICKUP,1583284834
10304094,2,2100076283619181694,121.495484,39.177655,PICKUP,1583293692
10306647,0,2100076283236911052,121.526958,39.07951,PICKUP,1583293643
10322363,2,2100076286009116103,121.55827,39.16918,PICKUP,1583293974
10361752,2,2100076287084561868,121.299546,39.128859,PICKUP,1583294479
10370848,0,2100076280989025975,121.454358,39.256636,PICKUP,1583295801
10381846,0,2100076282010732053,121.231894,39.130826,PICKUP,1583293689
10392466,0,2100076264676984581,121.491753,39.158548,PICKUP,1583281019
10405101,2,2100076320372098399,121.248434,38.948689,PICKUP,1583315001
10488513,0,2100076278777414738,121.440346,39.102343,PICKUP,1583291851
10492242,8,2100076331527177250,121.495835,39.185731,PICKUP,1583318285
10515576,2,2100076304981034826,121.617877,39.133779,PICKUP,1583302048
10531988,0,2100076275673237231,121.40588,39.052199,PICKUP,1583291698
10531988,4,2100076331711071981,121.434033,39.065586,PICKUP,1583318143
10583026,2,2100076328801764718,121.277154,39.028226,PICKUP,1583317489
10584671,0,2100076281466127557,121.775118,39.099339,PICKUP,1583293569
10601332,0,2100076293607753325,121.537396,39.197327,PICKUP,1583296635
10638398,4,2100076343368353359,121.614215,39.15634,PICKUP,1583325258
10642060,0,2100076275835667715,121.529927,39.158813,PICKUP,1583291639
10650683,0,2100076256851624983,121.533725,39.199881,PICKUP,1583285024
10659886,0,2100076278072739727,121.209188,39.161619,PICKUP,1583292930
10670465,2,2100076324655335262,121.487621,39.129081,PICKUP,1583314641
10681905,2,2100076292155606109,121.553659,39.139554,PICKUP,1583296723
10719665,6,2100076334896514582,121.353444,39.430913,PICKUP,1583319332
10765017,0,2100076270081016860,121.208636,39.161914,PICKUP,1583289060
10788622,0,2100076262425855567,121.614506,39.156703,PICKUP,1583288094
10805160,4,2100076336913384847,121.614873,39.020281,PICKUP,1583320753
11165674,2,2100076313023677978,121.411176,39.042989,PICKUP,1583309087
100002543,0,2100076281373656834,121.640556,39.142024,PICKUP,1583293615
100002652,0,2100076289130071880,121.56563,39.150311,PICKUP,1583295518
100069773,2,2100076322546124449,121.555296,39.177476,PICKUP,1583315883
100166169,0,2100076276531889738,121.5487,39.157852,PICKUP,1583292556
100170616,2,2100076315633485228,121.4791,39.19977,PICKUP,1583311245
102039482,0,2100076293226333368,121.568546,39.149591,PICKUP,1583296730
103404602,0,2100076288806913424,121.3599,39.122021,PICKUP,1583296031
104989810,4,2100076332650530267,121.789326,39.12595,PICKUP,1583319344
105233010,0,2100076298313630985,121.526058,39.133117,PICKUP,1583298837
106164450,0,2100076280840160757,121.465428,39.158853,PICKUP,1583292778
108136778,6,2100076325169858504,121.484486,39.164473,PICKUP,1583315591
110962402,2,2100076276750320650,121.458401,39.155061,PICKUP,1583292375
110963378,0,2100076277358724728,121.843085,39.161739,PICKUP,1583292161
111254906,0,2100076290628355906,121.442351,39.100099,PICKUP,1583295106
111618922,0,2100076265285354606,121.536818,39.175196,PICKUP,1583285203
112044866,0,2100076284819178775,121.800369,39.131728,PICKUP,1583294133
113493697,2,2100076331155260614,121.530105,39.155932,PICKUP,1583318783
114454825,0,2100076287504058102,121.531358,39.016815,PICKUP,1583294507
114811105,2,2100076339253380132,121.421527,39.068765,PICKUP,1583322529
115025641,2,2100076311558423736,121.745327,39.527655,PICKUP,1583307004
116191217,0,2100076261459461575,121.709184,39.250813,PICKUP,1583284848
116274473,0,2100076323640083644,121.41038,39.125783,PICKUP,1583316766
117010921,0,2100076259635791454,121.438823,39.094575,PICKUP,1583291752
117025201,4,2100076334014202973,121.580777,39.213841,PICKUP,1583319220
117052073,0,2100076269967574722,121.439307,39.100193,PICKUP,1583288621
117056905,0,2100076277109327735,121.451335,39.175521,PICKUP,1583292968
117068537,2,2100076290608891409,121.960975,39.591951,PICKUP,1583294889
117069353,0,2100076263245645174,121.670373,39.168889,PICKUP,1583283036
117070033,0,2100076285200827504,121.660255,39.168281,PICKUP,1583294007
117108641,2,2100076300422055012,121.437452,39.098545,PICKUP,1583299083
117108641,6,2100076329642100621,121.450182,39.094339,PICKUP,1583317687
117208745,4,2100076337282254159,121.754157,39.11984,PICKUP,1583320945
118066617,0,2100076284310127887,121.590117,39.215163,PICKUP,1583294159
118394873,0,2100076291860268960,121.486161,39.062746,PICKUP,1583296246
118776649,0,2100076281937954403,121.65575,39.138307,PICKUP,1583293900
118781361,2,2100076281705760266,121.488082,39.302738,PICKUP,1583293396
118789929,2,2100076276881032678,121.47802,39.136165,PICKUP,1583292422
118792841,4,2100076321989527262,121.520117,39.22317,PICKUP,1583314669
118795745,2,2100076315289158894,121.490338,39.14214,PICKUP,1583310578
118800777,4,2100076325370266764,121.468757,39.170162,PICKUP,1583314950
118802153,0,2100076283478050481,121.519975,39.223105,PICKUP,1583293606
118802473,0,2100076270362560190,121.527569,39.278885,PICKUP,1583294088
118810873,0,2100076277955855625,121.469113,39.136195,PICKUP,1583293499
118831497,4,2100076331588814453,121.470019,39.12096,PICKUP,1583317559
118888121,2,2100076329659107183,121.52219,39.215905,PICKUP,1583317076
118917177,0,2100076282511394611,121.9587,39.590414,PICKUP,1583292935
118918985,2,2100076309999191862,121.959091,39.592677,PICKUP,1583307203
118920073,2,2100076276093617520,121.965573,39.602585,PICKUP,1583291742
119346545,0,2100076280248534676,122.224484,39.362557,PICKUP,1583292622
119531657,0,2100076298232956359,121.741238,39.245844,PICKUP,1583297989
120549513,2,2100076300497717244,121.430911,38.905262,PICKUP,1583299242
120561993,0,2100076260014589156,121.530722,39.269563,PICKUP,1583286736
121168273,0,2100076262916752723,121.459134,39.242947,PICKUP,1583282867
121168273,4,2100076323883255476,121.467136,39.225853,PICKUP,1583315773
121572297,4,2100076300905744082,121.751739,39.091261,PICKUP,1583300505
121778417,2,2100076324710188600,121.481219,39.292648,PICKUP,1583314895
122081305,2,2100076298671097579,121.655462,39.252787,PICKUP,1583299920
122081305,4,2100076321684162155,121.655558,39.253024,PICKUP,1583315261
122161113,2,2100076309031126033,121.479455,39.063704,PICKUP,1583305567
122294201,0,2100076289679361624,121.386259,39.088927,PICKUP,1583294678
122881657,0,2100076281890178503,121.71335,39.143932,PICKUP,1583293400
122942881,0,2100076278353298757,121.630572,39.138678,PICKUP,1583292868
123948441,2,2100076294030099992,121.535155,39.054578,PICKUP,1583297216
124682649,0,2100076281799673222,121.531898,39.251084,PICKUP,1583293481
124682649,2,2100076314869991224,121.532797,39.250737,PICKUP,1583309900
124928417,0,2100076272243246963,121.532866,39.083258,PICKUP,1583289955
124928417,2,2100076291713861282,121.526578,39.088645,PICKUP,1583295947
124973465,0,2100076269502792817,121.624403,39.251848,PICKUP,1583291263
125552498,0,2100076328756741877,121.620917,39.13503,PICKUP,1583316563
125812730,2,2100076285861561847,121.416444,39.13048,PICKUP,1583294150
10012508,2,2100076289189054362,121.525847,39.292066,PICKUP,1583295605
10039046,2,2100076290839086470,121.424666,39.246848,PICKUP,1583296490
10043299,2,2100076302822868097,121.582726,39.215876,PICKUP,1583301246
10123801,0,2100076283678295179,121.478198,39.071418,PICKUP,1583293086
10126649,2,2100076269661750710,121.687476,39.140702,PICKUP,1583289964
10148788,2,2100076283574879683,121.466476,39.211069,PICKUP,1583294199
10164305,0,2100076285207479556,121.59351,39.111561,PICKUP,1583295396
10190566,0,2100076278425585228,121.441676,39.005132,PICKUP,1583293512
10194640,0,2100076275950880138,121.427843,39.196002,PICKUP,1583294080
10215664,2,2100076341260846243,121.432982,39.203128,PICKUP,1583323304
10219599,2,2100076276339115643,121.585865,39.108105,PICKUP,1583295875
10232315,2,2100076275062342718,121.42809,39.197199,PICKUP,1583292402
10232969,2,2100076285291726489,121.466769,39.095007,PICKUP,1583294306
10278503,0,2100076269337479065,121.631245,39.136656,PICKUP,1583288059
10282591,0,2100076267139728657,121.537089,39.212666,PICKUP,1583286701
10282591,4,2100076320866010770,121.5346,39.212159,PICKUP,1583314974
10289729,0,2100076273626121559,121.45846,39.125653,PICKUP,1583293443
10298963,2,2100076290052917175,121.539218,39.250485,PICKUP,1583297335
10313234,0,2100076268795102479,121.522239,39.18121,PICKUP,1583292595
10313234,2,2100076322835203589,121.517335,39.181833,PICKUP,1583314913
10319692,0,2100076277732476672,121.310171,39.143121,PICKUP,1583292180
10322363,0,2100076266738550433,121.557313,39.178912,PICKUP,1583285660
10328045,0,2100076263711180501,121.503309,39.198032,PICKUP,1583280173
10334732,0,2100076283930379314,121.707156,39.161394,PICKUP,1583296353
10344320,0,2100076277809284582,121.484825,39.164503,PICKUP,1583291907
10354617,8,2100076325729863376,121.558696,39.181586,PICKUP,1583316259
10363032,0,2100076264718926934,121.518215,39.189111,PICKUP,1583281215
10365330,0,2100076263606486016,121.712967,39.144011,PICKUP,1583286344
10392452,2,2100076284226701117,121.492492,39.169288,PICKUP,1583294561
10392466,2,2100076293439030372,121.484754,39.164285,PICKUP,1583297166
10408117,6,2100076338486642613,121.582005,39.109461,PICKUP,1583321064
10413087,2,2100076287751980595,121.738931,39.124054,PICKUP,1583294915
10413087,4,2100076321659258069,121.765404,39.123348,PICKUP,1583317135
10415210,4,2100076328070022498,121.539044,39.115132,PICKUP,1583316827
10457899,0,2100076277243676187,121.750617,39.532966,PICKUP,1583292456
10466684,0,2100076286657561690,121.401295,39.176839,PICKUP,1583295605
10469547,4,2100076320067651469,121.580884,39.09764,PICKUP,1583312839
10470630,6,2100076325026497620,121.522853,39.29204,PICKUP,1583315473
10478035,0,2100076266728982229,121.503237,39.194895,PICKUP,1583286741
10487413,6,2100076342385345861,121.521496,39.272036,PICKUP,1583323907
10489414,2,2100076338126063231,121.500203,39.061312,PICKUP,1583320979
10492242,2,2100076287053595739,121.524283,39.18388,PICKUP,1583294669
10515102,2,2100076294628869496,121.519291,39.141499,PICKUP,1583297274
10518924,0,2100076302720861935,121.46788,39.078532,PICKUP,1583299922
10542153,0,2100076277028947070,121.572789,39.135478,PICKUP,1583292126
10548486,4,2100076334686275061,121.509928,39.162487,PICKUP,1583320139
10582930,0,2100076267070949300,121.437762,39.169508,PICKUP,1583285119
10593238,2,2100076329318975233,121.380336,39.135582,PICKUP,1583317437
10614152,0,2100076262092801792,121.494605,39.198348,PICKUP,1583287706
10626566,8,2100076340392756675,121.447075,39.21063,PICKUP,1583322396
10642055,0,2100076286335223385,121.544854,39.135059,PICKUP,1583293786
10645907,2,2100076288409371908,121.432942,39.293371,PICKUP,1583295109
10649045,0,2100076304658564283,121.574278,39.128207,PICKUP,1583304300
10656566,0,2100076266179331382,121.478518,39.250093,PICKUP,1583286097
10656566,6,2100076336557753436,121.458387,39.252661,PICKUP,1583320685
10670465,0,2100076281114134366,121.501168,39.110755,PICKUP,1583294437
10697343,0,2100076284159198590,121.428368,39.19688,PICKUP,1583294716
10700099,0,2100076272671589913,121.570569,39.123338,PICKUP,1583293387
10711180,8,2100076331067639608,121.52588,39.292207,PICKUP,1583318976
10724729,2,2100076329661892279,121.433831,39.065885,PICKUP,1583317765
10742004,0,2100076281652676599,121.486627,39.126424,PICKUP,1583293945
10742004,2,2100076324176659631,121.476664,39.125131,PICKUP,1583316369
10748345,2,2100076279922886260,121.473588,39.116936,PICKUP,1583293417
10751154,0,2100076290330854817,121.676228,38.966999,PICKUP,1583295931
10755989,4,2100076340729644895,121.576976,39.125861,PICKUP,1583321954
10756966,0,2100076287362991822,121.439702,39.248501,PICKUP,1583294873
10757702,0,2100076288448530084,121.523355,39.13336,PICKUP,1583294664
10760325,2,2100076291690169880,121.511929,39.063214,PICKUP,1583295960
10767994,0,2100076273541940889,121.401556,39.175916,PICKUP,1583294210
10774871,0,2100076279922656300,121.428257,39.196065,PICKUP,1583293584
10774871,2,2100076322397291579,121.418903,39.197975,PICKUP,1583314139
10775373,0,2100076283475789767,121.557811,39.169912,PICKUP,1583293931
10788622,6,2100076342323152048,121.614556,39.156847,PICKUP,1583326024
10789434,0,2100076264262207194,121.47451,39.134887,PICKUP,1583283491
10816376,0,2100076278526411820,121.425775,39.195137,PICKUP,1583292639
10826871,0,2100076265031533818,121.549443,39.205724,PICKUP,1583282480
11165674,0,2100076286147462874,121.402864,39.047659,PICKUP,1583295590
100069773,4,2100076340048823689,121.563567,39.184024,PICKUP,1583321321
100166169,2,2100076317122167994,121.568513,39.153696,PICKUP,1583313017
100166267,0,2100076270761182267,121.418806,39.198007,PICKUP,1583292513
100170616,0,2100076285082011324,121.472617,39.199445,PICKUP,1583294553
100177162,4,2100076331013310154,121.60492,39.117973,PICKUP,1583318700
100240426,0,2100076288528319751,121.445346,38.948719,PICKUP,1583294744
101266154,0,2100076285236216955,121.380591,39.130802,PICKUP,1583295318
101915922,2,2100076302455178952,121.701416,39.277162,PICKUP,1583301225
101992442,0,2100076278654174667,121.485285,39.132257,PICKUP,1583293696
102054458,0,2100076293583275897,121.628293,39.127044,PICKUP,1583297168
102246634,0,2100076279985702574,121.352692,39.441745,PICKUP,1583293336
102505130,0,2100076270613497783,121.530796,39.249252,PICKUP,1583289776
102505130,8,2100076328755692646,121.531126,39.249267,PICKUP,1583317549
102505146,0,2100076262761399759,121.531763,39.250823,PICKUP,1583286650
102505146,2,2100076290847246136,121.530517,39.249601,PICKUP,1583295952
102693874,0,2100076277501462294,121.595371,39.207437,PICKUP,1583292242
103133802,2,2100076326842402770,121.775002,39.340805,PICKUP,1583317017
103135370,0,2100076287957304940,121.416158,39.164583,PICKUP,1583295248
104989810,2,2100076315259996108,121.801952,39.109672,PICKUP,1583310636
105974626,0,2100076287906055483,121.574343,39.136175,PICKUP,1583295173
106246218,0,2100076269529368238,121.657678,39.305855,PICKUP,1583289818
106246218,2,2100076306155767002,121.657787,39.317802,PICKUP,1583304023
106277138,0,2100076290874050466,121.612174,39.189139,PICKUP,1583296459
107130514,0,2100076276908165045,121.223801,39.129248,PICKUP,1583292708
107130514,6,2100076336181413009,121.226992,39.107447,PICKUP,1583319733
107736970,0,2100076294822659518,121.538004,39.105334,PICKUP,1583296843
109539178,4,2100076330442786008,121.517054,39.169425,PICKUP,1583318368
109767250,0,2100076275652756663,121.548777,39.083578,PICKUP,1583292548
109772898,0,2100076280177690560,121.521363,39.167,PICKUP,1583293410
110622026,0,2100076286329783678,121.56852,39.151932,PICKUP,1583294898
110943594,4,2100076329758098448,121.572744,39.140952,PICKUP,1583318368
110958146,0,2100076272315499778,121.594154,39.204273,PICKUP,1583293249
111069178,0,2100076266184738777,121.533729,39.166161,PICKUP,1583285473
111356426,0,2100076285779478179,121.766974,39.131864,PICKUP,1583297594
111743154,0,2100076334335592388,121.402397,39.256849,PICKUP,1583321416
112007530,0,2100076273542006425,121.548574,39.083182,PICKUP,1583291237
112075042,2,2100076294348768432,121.614574,39.156403,PICKUP,1583298458
112607178,0,2100076326851871987,121.737481,39.359567,PICKUP,1583316961
113022562,2,2100076289746076777,121.704324,39.138147,PICKUP,1583295708
113152290,0,2100076264861009025,121.466591,39.136094,PICKUP,1583283208
113172298,2,2100076316150564447,121.442792,39.15672,PICKUP,1583312841
115025641,0,2100076274748589329,121.745237,39.527657,PICKUP,1583292626
115365817,0,2100076289468893155,121.707888,39.267985,PICKUP,1583295431
115450025,2,2100076328241071529,121.401531,39.314028,PICKUP,1583316378
115752577,2,2100076329307145671,121.545238,39.353074,PICKUP,1583317824
115753185,0,2100076274554078268,121.517595,39.346546,PICKUP,1583291202
116133289,0,2100076271970584053,121.465899,39.15891,PICKUP,1583293150
116479041,0,2100076275114378965,121.465788,39.159057,PICKUP,1583292107
116502929,0,2100076284030092644,121.454097,39.298303,PICKUP,1583293934
116872833,4,2100076333860259347,121.655709,39.252483,PICKUP,1583319961
117012793,0,2100076285320169130,121.314584,39.125857,PICKUP,1583293869
117020457,0,2100076285514319238,121.400653,39.240856,PICKUP,1583294606
117028241,0,2100076321251559368,121.314991,39.134618,PICKUP,1583314864
117040001,4,2100076342455273242,121.271273,39.148663,PICKUP,1583323891
117052073,2,2100076285761160330,121.450163,39.095171,PICKUP,1583294430
117052073,6,2100076325018469908,121.449915,39.095527,PICKUP,1583315428
117065769,0,2100076268637783698,121.602002,39.137433,PICKUP,1583287374
117069353,4,2100076306356470960,121.669308,39.165966,PICKUP,1583303850
117074225,4,2100076331741546345,121.664626,39.168328,PICKUP,1583318362
117108625,0,2100076279190848689,121.419786,39.199787,PICKUP,1583292449
117108873,4,2100076332393432990,121.531271,39.127848,PICKUP,1583320053
117115569,0,2100076269428049510,121.443162,39.185594,PICKUP,1583293254
117464353,0,2100076264524350521,121.615776,39.042076,PICKUP,1583283290
117779017,0,2100076260246881717,121.365596,39.121474,PICKUP,1583291669
118200593,0,2100076285945283849,121.527848,39.151204,PICKUP,1583294835
118206785,2,2100076296232929048,121.44857,39.215128,PICKUP,1583297378
118308465,0,2100076286631839490,121.529437,39.063686,PICKUP,1583296134
118322641,2,2100076284243314684,121.434729,38.903285,PICKUP,1583293911
118456833,0,2100076286636557906,121.568644,39.14953,PICKUP,1583294931
118533169,0,2100076280430200400,121.419487,39.199846,PICKUP,1583292915
118559025,0,2100076264768603998,121.236643,38.948846,PICKUP,1583281655
118661681,0,2100076277487372157,121.58657,39.111548,PICKUP,1583292372
118662905,2,2100076282627196601,121.54518,39.077803,PICKUP,1583293543
118665761,2,2100076298812229113,121.75551,39.114132,PICKUP,1583298567
118665761,4,2100076318738548333,121.779927,39.102701,PICKUP,1583312297
118702473,2,2100076304618357930,121.471284,39.168911,PICKUP,1583304184
118770561,2,2100076288775227384,121.480107,39.300832,PICKUP,1583294877
118770561,4,2100076316479751710,121.468311,39.298334,PICKUP,1583310712
118776649,2,2100076302436435049,121.668454,39.133919,PICKUP,1583300773
118781361,8,2100076324815701205,121.471215,39.291042,PICKUP,1583315681
118787761,0,2100076286016391065,121.531853,39.250855,PICKUP,1583294073
118787761,6,2100076340356220804,121.524563,39.267728,PICKUP,1583324237
118795745,0,2100076280894784537,121.486396,39.144435,PICKUP,1583292936
118798201,2,2100076281483659169,121.461388,39.112612,PICKUP,1583294655
118798641,4,2100076331422057818,121.471554,39.126169,PICKUP,1583319041
118800849,0,2100076279793583966,121.486307,39.145209,PICKUP,1583294322
118800849,2,2100076324608443869,121.487329,39.130154,PICKUP,1583315796
118804241,0,2100076278093841590,121.481609,39.118542,PICKUP,1583293808
118805145,2,2100076296943764587,121.343206,39.172126,PICKUP,1583298564
118811881,4,2100076315006404116,121.439396,39.099423,PICKUP,1583310662
118823393,0,2100076288118621844,121.481352,39.152882,PICKUP,1583295045
118823393,2,2100076322273592633,121.474723,39.137883,PICKUP,1583314487
118828337,2,2100076284794537096,121.686961,39.125426,PICKUP,1583294327
118828337,6,2100076320404473154,121.68948,39.132421,PICKUP,1583313694
118831497,2,2100076277840118905,121.493222,39.1473,PICKUP,1583292881
118908809,0,2100076283800815611,121.601009,39.140259,PICKUP,1583295058
119071601,0,2100076262089197316,121.529895,39.203293,PICKUP,1583284846
119285537,0,2100076265300329912,121.480957,39.056809,PICKUP,1583285455
119500977,0,2100076281139627409,121.57559,39.174781,PICKUP,1583292474
119918177,0,2100076286253893091,121.595395,39.111528,PICKUP,1583294467
119961113,2,2100076310182758188,121.482302,39.302284,PICKUP,1583308049
120171578,0,2100076283437385034,121.494152,39.19834,PICKUP,1583294002
120270738,0,2100076286019798201,121.621005,39.136051,PICKUP,1583294124
120448506,0,2100076281767691569,121.592579,39.205743,PICKUP,1583293359
120549513,0,2100076282202621318,121.433198,38.90387,PICKUP,1583293177
120858513,0,2100076275438027896,122.224797,39.371512,PICKUP,1583292256
121658489,0,2100076284331230937,121.547213,39.207876,PICKUP,1583293139
121788009,0,2100076284885730489,121.538482,39.065342,PICKUP,1583294825
121908329,0,2100076289217528958,121.489611,39.064492,PICKUP,1583295708
123321857,2,2100076317216769204,121.466498,39.141592,PICKUP,1583311949
123679329,0,2100076276101940267,121.568564,39.149555,PICKUP,1583292806
123931449,4,2100076313356502678,121.537265,39.179961,PICKUP,1583318223
124259025,0,2100076266586179567,121.574164,39.115532,PICKUP,1583286861
124682649,4,2100076337747100990,121.531088,39.248066,PICKUP,1583321533
124686817,6,2100076324245931549,121.576993,39.151758,PICKUP,1583316899
125102201,0,2100076283540309471,121.366734,39.148867,PICKUP,1583293662
125119169,2,2100076321254344147,121.484396,39.127912,PICKUP,1583315051
125779698,0,2100076315794637892,121.602717,39.199333,PICKUP,1583309905
10039046,0,2100076264478278807,121.425201,39.252415,PICKUP,1583282853
10043801,6,2100076345106794141,121.460339,39.131832,PICKUP,1583328205
10063068,0,2100076280597316877,121.487781,39.06854,PICKUP,1583292891
10063192,0,2100076284407153814,121.480617,39.068492,PICKUP,1583293759
10075573,0,2100076281445483992,121.541775,39.133056,PICKUP,1583292430
10081729,0,2100076268506088740,121.532167,39.153424,PICKUP,1583288482
10102738,2,2100076305978656366,121.235921,39.122562,PICKUP,1583302671
10120267,6,2100076339474302588,121.428071,39.197909,PICKUP,1583321998
10126649,0,2100076263748404662,121.687367,39.140674,PICKUP,1583280634
10126649,4,2100076297544107446,121.687787,39.14082,PICKUP,1583298343
10126649,6,2100076310808659382,121.6876,39.140698,PICKUP,1583308770
10126649,8,2100076332522309046,121.687583,39.140767,PICKUP,1583318560
10183602,0,2100076275671139731,121.766468,39.347749,PICKUP,1583293413
10210023,0,2100076184516364218,121.588863,39.20672,PICKUP,1583291503
10215664,0,2100076324146317265,121.431625,39.198705,PICKUP,1583315468
10232315,0,2100076266065725023,121.424087,39.197222,PICKUP,1583285007
10249075,8,2100076325439309818,121.575857,39.105182,PICKUP,1583316174
10278337,0,2100076279383491961,121.560508,39.190045,PICKUP,1583293227
10282135,2,2100076279401023202,121.468204,39.175654,PICKUP,1583293025
10298963,6,2100076325153474229,121.535366,39.259527,PICKUP,1583315603
10303438,2,2100076331289183788,121.454985,39.183215,PICKUP,1583318274
10319201,0,2100076289276380695,121.756454,39.11279,PICKUP,1583295136
10321101,0,2100076283773061062,121.707731,39.266748,PICKUP,1583293492
10325553,2,2100076322122761602,121.459949,39.153864,PICKUP,1583313785
10328045,2,2100076273479354069,121.503006,39.198272,PICKUP,1583291005
10335674,2,2100076312640685107,121.537442,39.071049,PICKUP,1583308289
10335674,4,2100076328077133361,121.549824,39.063758,PICKUP,1583317971
10354617,0,2100076262496831178,121.541607,39.172344,PICKUP,1583285526
10364589,0,2100076271780890618,121.575127,39.103619,PICKUP,1583292702
10366255,0,2100076272201205156,121.473839,39.106636,PICKUP,1583291048
10381846,2,2100076318155080830,121.223837,39.129311,PICKUP,1583312650
10386183,0,2100076283792884869,121.485142,39.168443,PICKUP,1583294133
10392454,0,2100076272019015231,121.484251,39.164497,PICKUP,1583290648
10404691,0,2100076279933600895,121.443504,39.185031,PICKUP,1583293600
10415210,0,2100076285456123269,121.531281,39.114988,PICKUP,1583294629
10416907,0,2100076272776938701,121.446307,39.297853,PICKUP,1583293375
10416907,6,2100076324945266536,121.448193,39.288383,PICKUP,1583317272
10417888,0,2100076271536637414,121.484532,39.164971,PICKUP,1583290293
10429097,0,2100076342426273337,121.471288,39.291072,PICKUP,1583324508
10457899,2,2100076301791397044,121.750869,39.532551,PICKUP,1583300786
10476665,0,2100076252465596086,121.771842,39.095644,PICKUP,1583282370
10487413,0,2100076282294109366,121.528367,39.277019,PICKUP,1583293812
10487413,4,2100076331552572569,121.527729,39.277159,PICKUP,1583318486
10489414,0,2100076288828049181,121.484143,39.052592,PICKUP,1583295517
10492242,0,2100076257397114875,121.502477,39.180899,PICKUP,1583283762
10499607,0,2100076281188845034,121.55852,39.174028,PICKUP,1583292852
10515576,0,2100076275327108261,121.59507,39.136957,PICKUP,1583292485
10534600,0,2100076281217516771,121.506681,39.186125,PICKUP,1583292610
10572923,0,2100076284937307751,121.523697,39.114316,PICKUP,1583294414
10573369,0,2100076266218227087,121.419483,39.199429,PICKUP,1583291437
10579286,0,2100076265450767937,121.546569,39.083598,PICKUP,1583287914
10583026,0,2100076275846906939,121.308078,39.026471,PICKUP,1583291520
10591853,0,2100076272450078133,121.428419,39.196051,PICKUP,1583291311
10617582,0,2100076289422230771,121.768776,39.343659,PICKUP,1583295513
10619850,4,2100076307917801074,121.453569,39.010151,PICKUP,1583306974
10626566,0,2100076278802581038,121.450263,39.210003,PICKUP,1583292727
10638398,0,2100076175950120527,121.614645,39.156744,PICKUP,1583287259
10642060,2,2100076301714949412,121.546961,39.159333,PICKUP,1583300057
10642060,4,2100076318732355208,121.520056,39.161762,PICKUP,1583313672
10645907,6,2100076324647602107,121.450015,39.297768,PICKUP,1583316199
10645907,8,2100076339409192859,121.42566,39.302699,PICKUP,1583322077
10659886,2,2100076311819355816,121.226408,39.149493,PICKUP,1583309315
10659886,4,2100076323332326647,121.226097,39.151784,PICKUP,1583315296
10664091,0,2100076273440720821,121.529008,39.144097,PICKUP,1583290954
10664583,0,2100076280068671135,122.242668,39.368353,PICKUP,1583293659
10696204,0,2100076285119465186,121.530154,39.134477,PICKUP,1583294428
10711180,0,2100076269921141844,121.522315,39.29237,PICKUP,1583289500
10711180,2,2100076284642329944,121.526219,39.281506,PICKUP,1583294123
10712014,4,2100076310602417759,121.442664,39.156547,PICKUP,1583310699
10717922,0,2100076264550302796,121.460198,39.251183,PICKUP,1583283367
10720158,0,2100076270243317343,121.418948,39.159367,PICKUP,1583288731
10731534,0,2100076283863565719,121.351008,39.428337,PICKUP,1583294546
10747277,2,2100076294800377111,121.565834,39.170539,PICKUP,1583298714
10748334,0,2100076285135521287,121.712226,39.36177,PICKUP,1583294129
10756147,0,2100076274114758122,121.585839,39.113747,PICKUP,1583292332
10756966,2,2100076320647546429,121.450336,39.245214,PICKUP,1583314598
10762615,0,2100076280867194527,121.582695,39.139092,PICKUP,1583292758
10765017,4,2100076298907485808,121.208753,39.162316,PICKUP,1583309141
10765017,6,2100076323488466419,121.225508,39.15364,PICKUP,1583316051
10767994,2,2100076290380695492,121.401287,39.176498,PICKUP,1583301512
10782205,0,2100076278836036709,121.76521,39.12306,PICKUP,1583292778
10788532,0,2100076274545919960,121.764615,39.346008,PICKUP,1583291618
10788622,4,2100076316984476848,121.614446,39.163024,PICKUP,1583313829
10799255,0,2100076278812477263,121.594861,39.21618,PICKUP,1583292518
10808308,0,2100076282866107830,121.565761,39.141326,PICKUP,1583293584
100002652,4,2100076336957752781,121.563489,39.152372,PICKUP,1583320961
100084429,4,2100076328335574244,121.249054,38.954223,PICKUP,1583316989
100149376,0,2100076269520192997,121.446395,39.210748,PICKUP,1583289649
100166169,4,2100076332179654279,121.580283,39.147767,PICKUP,1583319205
100177162,0,2100076277462238912,121.60668,39.118479,PICKUP,1583292294
100681730,0,2100076278762014023,121.597064,39.133471,PICKUP,1583294133
101147106,6,2100076334290569194,121.428634,39.183585,PICKUP,1583319611
101166018,0,2100076272804333388,121.484677,39.070883,PICKUP,1583291939
101393874,2,2100076339478824776,121.568514,39.149925,PICKUP,1583322143
101914266,0,2100076264314439138,121.622819,39.134274,PICKUP,1583285032
101915922,0,2100076262151521773,121.688068,39.286945,PICKUP,1583285392
101915922,4,2100076315513456609,121.679266,39.274563,PICKUP,1583311573
102117082,0,2100076273857202027,121.461171,39.28396,PICKUP,1583290552
102358466,2,2100076273782982447,121.544049,39.06323,PICKUP,1583291721
102499938,0,2100076266076571135,121.529167,39.250804,PICKUP,1583284394
102503626,0,2100076292874307005,121.594828,39.126681,PICKUP,1583296418
102503626,6,2100076328740226949,121.592315,39.126511,PICKUP,1583317581
102505130,2,2100076289502152083,121.552964,39.252927,PICKUP,1583295888
102895674,2,2100076291501721061,121.450279,39.217053,PICKUP,1583296542
102895674,4,2100076322267759679,121.453104,39.210538,PICKUP,1583314963
102938282,0,2100076282423642070,121.447285,39.297587,PICKUP,1583293109
103006362,0,2100076259092792709,121.5225,39.179169,PICKUP,1583281587
103133802,0,2100076280218257258,121.755699,39.351772,PICKUP,1583293456
103155394,2,2100076287832917127,121.491408,39.249814,PICKUP,1583296075
103190418,0,2100076266639787037,121.663041,38.979672,PICKUP,1583286254
103191818,0,2100076282915784138,121.534533,39.26053,PICKUP,1583294352
103404602,6,2100076336434579252,121.343017,39.114628,PICKUP,1583319664
103493258,0,2100076278180217972,121.483371,39.083086,PICKUP,1583292097
103493258,4,2100076326502205330,121.463725,39.091804,PICKUP,1583316854
103530058,0,2100076271843051506,121.482494,39.069,PICKUP,1583295389
103679442,0,2100076278866216073,121.484741,39.16451,PICKUP,1583292988
105226074,2,2100076282483541629,121.478615,39.199715,PICKUP,1583294168
105276506,0,2100076265664644598,121.499283,39.168809,PICKUP,1583282406
105626402,0,2100076286672405783,121.813471,39.135723,PICKUP,1583294071
105626402,2,2100076312532648968,121.813792,39.135882,PICKUP,1583307611
105676642,2,2100076336057058643,121.680769,39.292648,PICKUP,1583322293
106108922,0,2100076286782015061,121.592661,39.204648,PICKUP,1583294452
106164450,4,2100076324497589586,121.466362,39.176105,PICKUP,1583315976
106246218,4,2100076321401571004,121.657535,39.317561,PICKUP,1583313653
106581010,0,2100076278463169744,121.617255,39.133913,PICKUP,1583292150
106623778,0,2100076287514575900,121.687181,39.297156,PICKUP,1583295128
106623778,2,2100076333313557633,121.68856,39.282292,PICKUP,1583318799
107045802,2,2100076325875090528,121.603153,39.188405,PICKUP,1583317663
107476610,2,2100076333037586382,121.818039,39.169733,PICKUP,1583318967
107647570,6,2100076340456686800,121.604272,39.133137,PICKUP,1583322554
107694242,0,2100076318405855086,121.410832,39.039561,PICKUP,1583313508
107874090,0,2100076261744379621,121.796114,39.156327,PICKUP,1583284638
108061506,2,2100076307194742134,121.446268,39.297674,PICKUP,1583306010
109539178,0,2100076281448891535,121.518581,39.176261,PICKUP,1583292804
109696338,0,2100076328284620563,121.525121,39.132837,PICKUP,1583316727
109767250,2,2100076292140598455,121.569668,39.084819,PICKUP,1583297148
110512450,4,2100076319259264117,121.571552,39.023177,PICKUP,1583313009
110941154,0,2100076265771435877,121.677407,39.068725,PICKUP,1583284611
110997610,0,2100076327767868701,121.601263,39.136967,PICKUP,1583318032
111269722,0,2100076265447326919,121.472735,39.19942,PICKUP,1583284032
111358546,0,2100076285053961696,121.608044,39.132973,PICKUP,1583293859
111618922,6,2100076329491367916,121.516688,39.186326,PICKUP,1583317646
111751082,2,2100076321097582073,121.536769,39.208915,PICKUP,1583314144
112905898,0,2100076276246349381,121.372866,39.135366,PICKUP,1583291744
112996714,0,2100076273531979521,121.377306,39.146811,PICKUP,1583293621
113022562,0,2100076261428594347,121.673234,39.137494,PICKUP,1583284192
113067034,0,2100076275407783397,121.724635,39.138967,PICKUP,1583291624
113172298,0,2100076269410715244,121.422903,39.1514,PICKUP,1583290219
113186569,2,2100076288489096753,121.353563,39.429287,PICKUP,1583294375
113396953,2,2100076293611980128,121.573012,39.083317,PICKUP,1583297092
113666817,0,2100076273179690250,121.459894,39.177318,PICKUP,1583292084
113793937,0,2100076261908023019,121.619763,39.255848,PICKUP,1583284615
113793937,2,2100076323485845011,121.655615,39.252884,PICKUP,1583317058
113977305,0,2100076281799738641,121.516413,39.223006,PICKUP,1583293729
113977305,2,2100076333731775864,121.519097,39.209114,PICKUP,1583320221
114323969,0,2100076259819751102,121.52819,39.276987,PICKUP,1583287388
114454825,2,2100076320880789498,121.543806,39.022772,PICKUP,1583314559
114716833,0,2100076286709892825,121.543547,39.207284,PICKUP,1583294316
114779105,0,2100076277167523333,121.418564,39.205255,PICKUP,1583291556
114783777,0,2100076283202504690,121.374122,39.097485,PICKUP,1583294573
114797801,0,2100076277880653586,121.4472,38.981415,PICKUP,1583293607
114797801,4,2100076332503533302,121.438699,38.980975,PICKUP,1583319062
114811105,0,2100076283304314756,121.429208,39.062147,PICKUP,1583294122
115753441,2,2100076293288658375,121.528824,39.334822,PICKUP,1583296182
115753441,4,2100076328349631773,121.526655,39.334649,PICKUP,1583316236
115867977,2,2100076304802055776,121.467687,39.291161,PICKUP,1583303213
115867977,4,2100076318043637712,121.47771,39.292539,PICKUP,1583313271
115867977,6,2100076340661815145,121.459962,39.298086,PICKUP,1583323678
116050601,0,2100076275042124864,121.567864,39.149556,PICKUP,1583292875
116119961,2,2100076289912309136,121.45681,39.066671,PICKUP,1583296228
116190881,0,2100076284990260852,121.7078,39.266778,PICKUP,1583293628
116502929,2,2100076320004933077,121.446333,39.297426,PICKUP,1583314545
116737865,0,2100076272141141986,121.541587,39.065917,PICKUP,1583290943
117009049,4,2100076323179136824,121.47547,39.226739,PICKUP,1583317215
117024145,0,2100076274053612942,121.480058,39.072201,PICKUP,1583292014
117024545,4,2100076327938623366,121.424606,39.2524,PICKUP,1583316688
117025081,0,2100076270756693336,121.459774,39.112109,PICKUP,1583290400
117025081,2,2100076296250426875,121.459499,39.105682,PICKUP,1583297086
117025201,0,2100076280105960493,121.59158,39.206828,PICKUP,1583293654
117049569,2,2100076295662766005,121.235595,39.122664,PICKUP,1583297923
117054081,2,2100076290849507015,121.389532,39.246384,PICKUP,1583295951
117054417,4,2100076307367233019,121.452811,39.103038,PICKUP,1583305272
117054417,6,2100076322001749569,121.43957,39.1002,PICKUP,1583314888
117056185,0,2100076277888910512,121.225074,39.129167,PICKUP,1583293722
117109065,0,2100076274114626862,121.430429,39.093953,PICKUP,1583292896
117109065,2,2100076316110489368,121.440024,39.095034,PICKUP,1583311661
117113497,0,2100076264177633027,121.412751,39.255081,PICKUP,1583284739
117164105,0,2100076285727508330,121.527413,39.064598,PICKUP,1583294038
117464353,2,2100076278428862462,121.629081,39.039534,PICKUP,1583293555
117779017,2,2100076307693339854,121.338636,39.123776,PICKUP,1583304796
117779017,4,2100076319670764750,121.316437,39.122205,PICKUP,1583314852
118248009,0,2100076266736715388,121.420007,39.199728,PICKUP,1583289384
118347857,0,2100076263583614905,121.586358,39.028825,PICKUP,1583283308
118427817,8,2100076337667901295,121.537317,39.210841,PICKUP,1583321511
118448081,0,2100076274664310474,121.631296,39.141318,PICKUP,1583293104
118691289,0,2100076266150463237,121.410214,39.178435,PICKUP,1583285210
118713201,0,2100076288465667675,121.408265,39.189949,PICKUP,1583294415
118770561,6,2100076333910459998,121.468405,39.298335,PICKUP,1583319832
118771169,0,2100076280880072656,121.471442,39.299651,PICKUP,1583293668
118778673,4,2100076292652958958,121.57053,39.180435,PICKUP,1583296200
118778673,6,2100076327127287715,121.557462,39.187343,PICKUP,1583317549
118785289,2,2100076309411890658,121.472279,39.175881,PICKUP,1583307230
118787761,4,2100076328960886050,121.537985,39.250163,PICKUP,1583317513
118792033,2,2100076316454520065,121.52762,39.27704,PICKUP,1583311597
118795769,2,2100076281377293335,121.559907,39.181146,PICKUP,1583295032
118798041,4,2100076323056846595,121.487128,39.129494,PICKUP,1583315518
118798641,2,2100076277482325469,121.492982,39.14308,PICKUP,1583291532
118800337,0,2100076275221104237,121.520059,39.222964,PICKUP,1583292083
118800337,2,2100076292763322212,121.546835,39.207548,PICKUP,1583297185
118803113,0,2100076270967489588,121.566192,39.135629,PICKUP,1583289419
118804441,0,2100076267626432048,121.531666,39.250811,PICKUP,1583286579
118804441,2,2100076280920245566,121.534802,39.250734,PICKUP,1583293493
118804441,6,2100076317045065528,121.531543,39.250636,PICKUP,1583312804
118805049,4,2100076321675511207,121.474105,39.133954,PICKUP,1583314876
118808025,2,2100076304331147080,121.477986,39.11696,PICKUP,1583302204
118811881,2,2100076302170948659,121.439336,39.100228,PICKUP,1583300852
118816345,0,2100076267664148167,121.557501,39.183493,PICKUP,1583287011
118816345,2,2100076288514131303,121.559724,39.190887,PICKUP,1583296323
118819825,0,2100076271316632809,121.579647,39.223086,PICKUP,1583293825
118890377,0,2100076277091894661,121.59093,39.12639,PICKUP,1583292407
118894089,0,2100076275378227067,121.539482,39.141954,PICKUP,1583293088
118916201,0,2100076292532962433,121.939343,39.593817,PICKUP,1583296168
118916329,4,2100076283617248773,122.231395,39.360252,PICKUP,1583293774
118918017,6,2100076326148408863,121.971569,39.590442,PICKUP,1583316497
118918985,0,2100076279629186189,121.958871,39.592635,PICKUP,1583292789
118970329,0,2100076278525396894,122.23231,39.36465,PICKUP,1583292659
119594593,4,2100076330837443826,121.449564,39.09822,PICKUP,1583318846
119684969,0,2100076286573446906,121.550015,39.198821,PICKUP,1583294822
119749201,0,2100076272047359438,121.477014,39.122721,PICKUP,1583290727
119918177,2,2100076320813745810,121.593945,39.111592,PICKUP,1583314540
119961113,4,2100076330303587746,121.45647,39.306853,PICKUP,1583317298
120104001,0,2100076276533659631,121.562261,39.126092,PICKUP,1583292003
120171578,2,2100076318029284679,121.514804,39.190356,PICKUP,1583313675
120171578,4,2100076334375961967,121.485971,39.194433,PICKUP,1583320204
120434978,0,2100076278772205276,121.404524,39.03415,PICKUP,1583293209
120508210,0,2100076281245468110,121.797988,39.130118,PICKUP,1583293741
120601473,0,2100076282338871042,121.483112,39.197635,PICKUP,1583293205
120991385,2,2100076290340784098,121.452131,38.980784,PICKUP,1583296099
121074881,0,2100076264684259055,121.441292,39.003788,PICKUP,1583281086
121123553,0,2100076288460358743,121.483,39.052682,PICKUP,1583295071
121168273,2,2100076305632364530,121.467138,39.225879,PICKUP,1583302583
121572297,0,2100076270010992508,121.760871,39.095138,PICKUP,1583288556
121658489,2,2100076325955536399,121.547465,39.207646,PICKUP,1583316370
121957913,0,2100076265068234453,121.503165,39.198468,PICKUP,1583283119
122077169,0,2100076284929181392,121.611494,39.118176,PICKUP,1583295264
122079457,0,2100076286286268009,121.368125,39.107611,PICKUP,1583295271
122220553,0,2100076280091117325,121.56525,39.156217,PICKUP,1583295172
122220689,0,2100076295522354237,121.404144,39.311602,PICKUP,1583297425
122287833,0,2100076275315016785,121.401859,39.316203,PICKUP,1583292476
122605561,4,2100076335188182389,121.561915,39.182201,PICKUP,1583320376
122726849,0,2100076279528326600,121.546764,39.08371,PICKUP,1583293203
122726849,2,2100076321594541808,121.561725,39.085188,PICKUP,1583314674
122726849,4,2100076336146155512,121.537876,39.075532,PICKUP,1583320201
122904977,2,2100076278251619525,121.630337,39.139774,PICKUP,1583293098
123213849,0,2100076267386570439,121.557738,39.18336,PICKUP,1583287946
123321857,0,2100076282366789563,121.449286,39.115463,PICKUP,1583294283
123397273,0,2100076282890945912,121.632904,39.1492,PICKUP,1583294102
123735529,0,2100076276275545818,121.595817,39.216492,PICKUP,1583291908
123810001,2,2100076301539903420,121.529316,39.285656,PICKUP,1583302112
123931449,6,2100076341587903671,121.537914,39.181487,PICKUP,1583324626
124001625,0,2100076278736061758,121.526665,39.261252,PICKUP,1583293305
124124649,0,2100076277218674021,121.576663,39.175864,PICKUP,1583292421
124274137,0,2100076267531601569,121.557464,39.178841,PICKUP,1583288481
124686817,2,2100076268584503191,121.547646,39.15868,PICKUP,1583299172
124928417,4,2100076321909441955,121.535527,39.083559,PICKUP,1583314573
124981409,0,2100076287796151926,121.527675,39.276888,PICKUP,1583294994
124981409,2,2100076315110245529,121.527611,39.276987,PICKUP,1583311604
125157297,4,2100076330013722122,121.573591,39.100569,PICKUP,1583318207
10021791,2,2100076284711831123,121.445877,39.218991,DELIVERY,1583294463
10043299,0,2100076291925411760,121.594481,39.215406,DELIVERY,1583297460
10194307,0,2100076274099455556,121.595135,39.215915,DELIVERY,1583292927
10325553,0,2100076277350171915,121.459644,39.155171,DELIVERY,1583293299
10415210,2,2100076303141275247,121.527359,39.118007,DELIVERY,1583303121
10476665,2,2100076268750079642,121.756958,39.112149,DELIVERY,1583289563
10636336,0,2100076276425295457,121.424372,39.245744,DELIVERY,1583293062
10671039,0,2100076284708521847,121.418804,39.200571,DELIVERY,1583294527
10671104,0,2100076264015922672,121.403023,39.05261,DELIVERY,1583281341
10671104,2,2100076268227331568,121.403041,39.052654,DELIVERY,1583289780
10671104,4,2100076301030655472,121.402969,39.052691,DELIVERY,1583303629
10671104,6,2100076320967001584,121.403017,39.052771,DELIVERY,1583315936
100023698,0,2100076274470520389,121.374013,39.135565,DELIVERY,1583292150
101147106,2,2100076304023619433,121.438629,39.186378,DELIVERY,1583302221
101928706,0,2100076284438021592,121.605669,39.118506,DELIVERY,1583294903
102064138,4,2100076282508903875,121.43384,39.210027,DELIVERY,1583294674
102449370,0,2100076269122061407,121.68595,39.227532,DELIVERY,1583291075
102505130,4,2100076299282711824,121.542554,39.252023,DELIVERY,1583300592
102748698,0,2100076267723753108,121.570059,39.132706,DELIVERY,1583287195
102748698,2,2100076310774646420,121.569978,39.132259,DELIVERY,1583307734
103040946,2,2100076287519327332,121.485298,39.162795,DELIVERY,1583295427
106205842,0,2100076263448380912,121.403043,39.052812,DELIVERY,1583281830
106205842,4,2100076302218397168,121.403022,39.052812,DELIVERY,1583303521
106205842,6,2100076330802447856,121.402996,39.052745,DELIVERY,1583319564
106205842,8,2100076338316838384,121.403055,39.052749,DELIVERY,1583324331
108061506,4,2100076327956317194,121.43372,39.284725,DELIVERY,1583317537
113601193,0,2100076280699618896,121.425586,39.198431,DELIVERY,1583294103
113736177,2,2100076296467481786,121.568989,39.174312,DELIVERY,1583298451
115749225,0,2100076259741009666,121.52375,39.063691,DELIVERY,1583284814
116795681,0,2100076279658186066,121.461094,39.180186,DELIVERY,1583295023
117027985,0,2100076273670817693,121.581193,39.211429,DELIVERY,1583292237
117031321,0,2100076290420606216,121.575459,39.174707,DELIVERY,1583296646
117428305,0,2100076293854987735,121.522109,39.282175,DELIVERY,1583297137
118437025,0,2100076281429165995,121.608394,39.214191,DELIVERY,1583294744
118533225,6,2100076333396493616,121.427899,39.197206,DELIVERY,1583320407
118760649,0,2100076279763567850,121.471675,39.126406,DELIVERY,1583293453
118787313,0,2100076277124663018,121.425928,39.198901,DELIVERY,1583292659
118798201,0,2100076266357622714,121.486808,39.141988,DELIVERY,1583285341
118805001,0,2100076268941411449,121.383439,39.161686,DELIVERY,1583290267
118805001,4,2100076315742897273,121.38332,39.161803,DELIVERY,1583314609
118828337,4,2100076306216617643,121.670547,39.138435,DELIVERY,1583305001
118891361,0,2100076278693102979,121.454554,39.181452,DELIVERY,1583294263
118908809,2,2100076306052450266,121.593181,39.14609,DELIVERY,1583304010
120625801,0,2100076271207187642,121.631074,39.134676,DELIVERY,1583291733
121074881,2,2100076269334890223,121.441627,39.003986,DELIVERY,1583290095
121074881,4,2100076301897107183,121.441073,39.003899,DELIVERY,1583304126
122605561,0,2100076286213096572,121.567348,39.187126,DELIVERY,1583295160
124686817,0,2100076277733984142,121.568819,39.165838,DELIVERY,1583294475
10007871,0,2100076291554542992,121.630705,39.142443,DELIVERY,1583296501
10083928,6,2100076302525925105,121.594691,39.207154,DELIVERY,1583301221
10100267,0,2100076275482068199,121.417987,39.260477,DELIVERY,1583292844
10138087,0,2100076273338549552,121.426964,39.197892,DELIVERY,1583291016
10181667,0,2100076264648573977,121.421765,39.153176,DELIVERY,1583288050
10248665,0,2100076281474090532,121.420481,39.141667,DELIVERY,1583294138
10271563,0,2100076282316424505,121.496881,39.059594,DELIVERY,1583293612
10277311,0,2100076288347211750,121.547635,39.201093,DELIVERY,1583295009
10278337,2,2100076307259065778,121.560759,39.190054,DELIVERY,1583306982
10282591,6,2100076335066089100,121.537509,39.211696,DELIVERY,1583320630
10304094,6,2100076331621746320,121.492114,39.174756,DELIVERY,1583318856
10335674,0,2100076290604696623,121.551919,39.075402,DELIVERY,1583295583
10354617,2,2100076281101158096,121.546859,39.17779,DELIVERY,1583294317
10377583,4,2100076329818326791,121.683611,39.029485,DELIVERY,1583318791
10392454,2,2100076287833966054,121.48471,39.16721,DELIVERY,1583295844
10443328,0,2100076263657244087,121.603899,39.177304,DELIVERY,1583283695
10459881,0,2100076277940094594,121.751017,39.120364,DELIVERY,1583292548
10469547,2,2100076298147726517,121.569145,39.090763,DELIVERY,1583298648
10619850,2,2100076296394934118,121.435515,39.012118,DELIVERY,1583298393
10643621,0,2100076284925019367,121.414459,39.368481,DELIVERY,1583294557
10660150,0,2100076283822179402,121.622197,39.224118,DELIVERY,1583294583
10711258,0,2100076271406515384,121.550572,39.147337,DELIVERY,1583291149
10712014,2,2100076289836287833,121.42258,39.152177,DELIVERY,1583296279
10712195,2,2100076327339131911,121.54706,39.20213,DELIVERY,1583318175
10721724,0,2100076293895489531,121.424484,39.091464,DELIVERY,1583297282
10724729,0,2100076267545069247,121.432548,39.062645,DELIVERY,1583289662
10731534,2,2100076318436984793,121.363162,39.439163,DELIVERY,1583312232
10760325,0,2100076268081022722,121.54152,39.064152,DELIVERY,1583287571
10763831,0,2100076261225727124,121.647877,39.182777,DELIVERY,1583292283
10773341,2,2100076274391647713,121.53117,39.019505,DELIVERY,1583291699
10788622,2,2100076293617649593,121.615159,39.149164,DELIVERY,1583296470
10804247,0,2100076262099060669,121.251604,38.953018,DELIVERY,1583287247
100023698,2,2100076297848325541,121.374266,39.135489,DELIVERY,1583298118
100429202,4,2100076329277555991,121.366366,39.135529,DELIVERY,1583317980
101180274,0,2100076266113041929,121.407327,39.079705,DELIVERY,1583285925
101915922,6,2100076336920823332,121.66986,39.274246,DELIVERY,1583323826
101928706,4,2100076324543727091,121.605626,39.118319,DELIVERY,1583316253
101943338,2,2100076271271019753,121.675565,39.271262,DELIVERY,1583289811
102010482,0,2100076284990752548,121.772337,39.401069,DELIVERY,1583294615
102333794,0,2100076271498659405,121.348271,39.425339,DELIVERY,1583292073
102505842,0,2100076324752819798,121.605417,39.17948,DELIVERY,1583316331
103216602,0,2100076269868779479,121.764967,39.346153,DELIVERY,1583292297
103384498,0,2100076262685836351,121.402209,39.176862,DELIVERY,1583283537
106364250,2,2100076328035550222,121.700399,39.142673,DELIVERY,1583318006
108061506,0,2100076286471537868,121.431888,39.305901,DELIVERY,1583294209
108136778,2,2100076285354411837,121.490003,39.150508,DELIVERY,1583294034
110512450,6,2100076329219589981,121.566151,39.04094,DELIVERY,1583319134
110829786,0,2100076280206787943,121.540939,39.063533,DELIVERY,1583293469
110941154,4,2100076320684017240,121.677525,39.067786,DELIVERY,1583314548
110943594,0,2100076281043978083,121.552756,39.134088,DELIVERY,1583293628
111069178,4,2100076303439725647,121.534045,39.165994,DELIVERY,1583302240
111193122,4,2100076293316773315,121.443284,39.203485,DELIVERY,1583296596
111193122,10,2100076337465689399,121.453023,39.210599,DELIVERY,1583320798
111618922,2,2100076286294688963,121.482958,39.185356,DELIVERY,1583296377
113067034,2,2100076321655719827,121.724735,39.14001,DELIVERY,1583315443
113147922,0,2100076292807133023,121.602265,39.128674,DELIVERY,1583297236
114286177,0,2100076269906626275,121.569502,39.084807,DELIVERY,1583293510
114323969,2,2100076286840210936,121.527131,39.277948,DELIVERY,1583295539
114464161,2,2100076311468999909,121.457645,39.132234,DELIVERY,1583309642
115450025,0,2100076295788594594,121.401278,39.310548,DELIVERY,1583298988
115598089,0,2100076282240632655,121.475778,39.13193,DELIVERY,1583294160
116502929,4,2100076335444165988,121.466985,39.293479,DELIVERY,1583321154
116505025,0,2100076281028347444,121.179059,38.930706,DELIVERY,1583294293
116849473,0,2100076276518978978,121.405755,39.31743,DELIVERY,1583291364
117010921,4,2100076334214153667,121.433591,39.111164,DELIVERY,1583318898
117013905,0,2100076280394418073,121.285697,39.14108,DELIVERY,1583293931
117042817,0,2100076263348601937,121.209851,39.160286,DELIVERY,1583284139
117054081,6,2100076329123447981,121.425472,39.248464,DELIVERY,1583318469
117055625,0,2100076273647257174,121.499865,39.080964,DELIVERY,1583291452
117069353,2,2100076286997464477,121.660842,39.169605,DELIVERY,1583295929
117080089,0,2100076280230708917,121.942112,39.596544,DELIVERY,1583293650
117124913,0,2100076268333204719,121.486201,39.114803,DELIVERY,1583293167
117208745,2,2100076319856363225,121.748468,39.101252,DELIVERY,1583313318
117672177,2,2100076328223672005,121.440947,39.184411,DELIVERY,1583317793
117672601,2,2100076304471754263,121.75684,39.108376,DELIVERY,1583303809
117916001,2,2100076296448411166,121.408066,39.18995,DELIVERY,1583298874
118180113,0,2100076283061143234,121.529695,39.150315,DELIVERY,1583293609
118322641,8,2100076328053769910,121.431154,38.894136,DELIVERY,1583316848
118533225,2,2100076288132089270,121.437985,39.199051,DELIVERY,1583295729
118661681,2,2100076319357142642,121.593191,39.111788,DELIVERY,1583315155
118702473,0,2100076269808125098,121.480933,39.170433,DELIVERY,1583290088
118774137,2,2100076296410302160,121.436671,39.258199,DELIVERY,1583298208
118778673,2,2100076272787195543,121.561099,39.189267,DELIVERY,1583291710
118781177,4,2100076260928717838,121.463413,39.125494,DELIVERY,1583313147
118789345,0,2100076263266583676,121.56338,39.183984,DELIVERY,1583282856
118789345,2,2100076287123948767,121.566905,39.176238,DELIVERY,1583295169
118790761,0,2100076276600374545,121.527322,39.220729,DELIVERY,1583293521
118798041,2,2100076286086808696,121.474204,39.134977,DELIVERY,1583301984
118800777,0,2100076290392032476,121.474246,39.172865,DELIVERY,1583296727
118804441,8,2100076336506406459,121.533605,39.250602,DELIVERY,1583321575
118808241,0,2100076270681818492,121.480021,39.072147,DELIVERY,1583290051
118811881,6,2100076339555928059,121.447357,39.095508,DELIVERY,1583322761
119069129,2,2100076282144490765,121.477735,39.077274,DELIVERY,1583293725
119271329,4,2100076324340532824,121.660242,39.171959,DELIVERY,1583315574
119666745,0,2100076270116538255,121.588415,39.124909,DELIVERY,1583289823
120130201,2,2100076286277519190,121.477147,39.091997,DELIVERY,1583295528
120130201,4,2100076308691224340,121.493352,39.098552,DELIVERY,1583305927
120550817,2,2100076291210807022,121.426648,39.196595,DELIVERY,1583296567
120551017,0,2100076266520151774,121.41869,39.200325,DELIVERY,1583291862
121629529,0,2100076279214147073,121.579775,39.111501,DELIVERY,1583294464
121778417,0,2100076283221607815,121.45741,39.298683,DELIVERY,1583295308
121788009,4,2100076332207933298,121.531339,39.06384,DELIVERY,1583319277
121974361,2,2100076297468151588,121.323418,38.983696,DELIVERY,1583298258
121974361,8,2100076331931534444,121.329312,38.976365,DELIVERY,1583319017
122093097,2,2100076321826505856,121.566592,39.151769,DELIVERY,1583315631
122775745,0,2100076294198101133,121.95883,39.589961,DELIVERY,1583297370
122881657,4,2100076250074252990,121.72448,39.139191,DELIVERY,1583311901
123314609,0,2100076257008911585,121.400419,39.234421,DELIVERY,1583284899
124267545,0,2100076285881451994,121.500108,39.057837,DELIVERY,1583294371
124267545,2,2100076267835360563,121.49258,39.062816,DELIVERY,1583307264
124981409,4,2100076342054683801,121.529289,39.28598,DELIVERY,1583324281
125119169,0,2100076270003225929,121.487465,39.124778,DELIVERY,1583289175
125157297,2,2100076288415008277,121.578057,39.102067,DELIVERY,1583295522
125779698,2,2100076332898386945,121.617212,39.18957,DELIVERY,1583318815
10272985,0,2100076282300073380,121.466206,39.107076,DELIVERY,1583294574
10488513,4,2100076325225923826,121.468367,39.095673,DELIVERY,1583317178
10720158,2,2100076309143651948,121.416288,39.152549,DELIVERY,1583307843
104583538,0,2100076262606866257,121.495426,39.158556,DELIVERY,1583281891
107647570,0,2100076289407714391,121.597668,39.12412,DELIVERY,1583298119
109767250,4,2100076335332263115,121.548925,39.083599,DELIVERY,1583320915
110941154,2,2100076280947050329,121.677327,39.065121,DELIVERY,1583294779
116377137,2,2100076278191654431,121.958973,39.592474,DELIVERY,1583292619
117110985,0,2100076260638557931,121.483171,39.197605,DELIVERY,1583292706
117672601,0,2100076270985151973,121.753509,39.111163,DELIVERY,1583289105
118800777,6,2100076343299278393,121.474521,39.17293,DELIVERY,1583327041
121157737,2,2100076319991891199,121.400527,39.269918,DELIVERY,1583314669
122093097,0,2100076275922896031,121.568598,39.148666,DELIVERY,1583293769
