courier_id,wave_index,tracking_id,courier_wave_start_lng,courier_wave_start_lat,action_type,expect_time
10012508,3,2100076241314645758,121.54839,39.290528,PICKUP,1583231374
10081729,1,2100076242516215395,121.53279,39.141152,PICKUP,1583231014
10083928,1,2100076181231568589,121.598349,39.218395,PICKUP,1583196665
10148788,1,2100076190547838844,121.456368,39.210754,PICKUP,1583205813
10183941,1,2100076208640132443,121.57463,39.09633,PICKUP,1583209521
10185816,3,2100076194898183170,121.455701,39.105962,PICKUP,1583205795
10199051,3,2100076233655879264,121.466774,39.095083,PICKUP,1583231817
10303432,1,2100076211638208286,121.433372,39.184167,PICKUP,1583212080
10304094,3,2100076230795659119,121.505317,39.189318,PICKUP,1583226329
10335674,1,2100076202652763442,121.543192,39.079103,PICKUP,1583209929
10335674,5,2100076240095347945,121.575972,39.075904,PICKUP,1583229534
10354617,5,2100076220980266657,121.557494,39.178756,PICKUP,1583229202
10364589,3,2100076203284399617,121.580229,39.115026,PICKUP,1583209392
10386183,3,2100076206216119339,121.460817,39.175959,PICKUP,1583210090
10404691,1,2100076191446271887,121.435922,39.183246,PICKUP,1583205165
10537433,1,2100076199020169084,122.22483,39.363243,PICKUP,1583207525
10545647,1,2100076218701645658,121.418798,39.260832,PICKUP,1583216807
10548799,1,2100076244900021559,121.446373,39.205697,PICKUP,1583232340
10579286,1,2100076198341838401,121.546715,39.083771,PICKUP,1583208195
10598602,3,2100076219003176372,121.797795,39.100095,PICKUP,1583217867
10601332,3,2100076246327329976,121.540364,39.177177,PICKUP,1583232031
10619850,1,2100076208679814903,121.441073,39.003867,PICKUP,1583210568
10632815,5,2100076241810884470,121.477318,39.08964,PICKUP,1583230757
10648133,3,2100076237603374580,121.582191,39.228809,PICKUP,1583229943
10665583,5,2100076242663474999,121.454121,39.210835,PICKUP,1583231379
10671986,5,2100076220288336992,121.377176,39.146597,PICKUP,1583217795
10781084,5,2100076252992309239,121.418205,39.084118,PICKUP,1583236836
10797771,1,2100076191828936112,121.478008,39.063556,PICKUP,1583205811
100023698,1,2100076205271680613,121.373108,39.137259,PICKUP,1583209372
101009538,1,2100076204271830126,121.804963,39.139631,PICKUP,1583208702
101437378,1,2100076210975541117,121.572453,39.115089,PICKUP,1583210724
102505130,7,2100076232313079208,121.532479,39.250658,PICKUP,1583225400
102837378,5,2100076209930077914,121.451405,39.150518,PICKUP,1583211148
102938282,1,2100076201106081790,121.44643,39.297666,PICKUP,1583207895
102938282,7,2100076256224020123,121.452727,39.298096,PICKUP,1583239385
103135370,3,2100076246739322138,121.415887,39.152314,PICKUP,1583232783
103441042,3,2100076232314979524,121.433571,39.065473,PICKUP,1583226016
103502002,1,2100076199065453678,121.445819,38.949582,PICKUP,1583207396
106359898,3,2100076245169079829,121.424737,39.25225,PICKUP,1583232923
111069178,3,2100076185474696271,121.538076,39.170804,PICKUP,1583202516
112022106,1,2100076198097454302,121.558711,39.140114,PICKUP,1583207505
112040778,1,2100076239859615595,121.495012,39.279446,PICKUP,1583230614
112525786,3,2100076254683301363,121.58322,39.147968,PICKUP,1583238794
112597122,5,2100076251804993015,121.621626,39.141103,PICKUP,1583236343
113493697,5,2100076234359637647,121.51535,39.164618,PICKUP,1583227863
113601193,3,2100076204666259068,121.423816,39.19651,PICKUP,1583212025
114454825,1,2100076210398627825,121.537216,39.020669,PICKUP,1583211056
114464161,3,2100076195288516253,121.447334,39.142445,PICKUP,1583206998
114779105,1,2100076233958295114,121.443896,39.214722,PICKUP,1583227986
115755785,1,2100076205269288543,121.428665,39.204392,PICKUP,1583209328
116034321,1,2100076200675837631,121.553187,39.10884,PICKUP,1583208416
116933745,1,2100076238049773161,121.372123,39.112602,PICKUP,1583229169
116989929,3,2100076236172724022,121.751643,39.120291,PICKUP,1583228372
116989929,5,2100076246345418022,121.745081,39.121069,PICKUP,1583232825
117026577,1,2100076243774014697,121.581361,39.211681,PICKUP,1583231419
117042817,3,2100076231239140433,121.202082,39.162626,PICKUP,1583226523
117067361,3,2100076223559533762,121.680551,39.174704,PICKUP,1583220362
117069353,1,2100076195880862962,121.660575,39.168547,PICKUP,1583206872
117070033,1,2100076189604808346,121.660478,39.170048,PICKUP,1583205746
117074225,3,2100076214883092383,121.663701,39.16867,PICKUP,1583212712
117208745,3,2100076250956989925,121.756938,39.104983,PICKUP,1583234767
118006553,3,2100076207241725308,121.426609,38.905907,PICKUP,1583211330
118066377,1,2100076220394538278,121.740342,39.125796,PICKUP,1583219050
118347857,1,2100076186283672901,121.615208,39.02954,PICKUP,1583203985
118456833,1,2100076210678630243,121.545871,39.141965,PICKUP,1583210972
118475913,5,2100076240645392094,121.522593,39.210163,PICKUP,1583230551
118667561,5,2100076239734900259,121.770339,39.093167,PICKUP,1583230755
118673761,3,2100076208931767634,121.778689,39.093665,PICKUP,1583211514
118781361,3,2100076235946493069,121.469704,39.298385,PICKUP,1583228198
118789345,1,2100076181595621063,121.556869,39.183167,PICKUP,1583202372
118797201,5,2100076226299692157,121.500462,39.100939,PICKUP,1583224955
118800217,1,2100076210291508794,121.541185,39.250265,PICKUP,1583211149
118800777,5,2100076252720563243,121.480163,39.184815,PICKUP,1583237302
118800849,3,2100076218149570023,121.468144,39.131518,PICKUP,1583215112
118805145,1,2100076208762094699,121.366571,39.148258,PICKUP,1583210571
118808889,1,2100076210619778276,121.552361,39.269059,PICKUP,1583212043
119285537,5,2100076228347463415,121.478248,39.067946,PICKUP,1583223988
119285537,7,2100076251776747358,121.483973,39.064995,PICKUP,1583236102
119594593,3,2100076234341713403,121.454229,39.106165,PICKUP,1583228992
119663369,1,2100076180784285690,121.563747,39.111942,PICKUP,1583197458
120549513,3,2100076227659007330,121.433855,38.903375,PICKUP,1583222543
121657113,3,2100076204315608823,121.479372,39.072116,PICKUP,1583214832
121788009,1,2100076196285449986,121.529354,39.063574,PICKUP,1583208847
122060865,3,2100076214456550754,121.660726,39.16853,PICKUP,1583214207
122077169,1,2100076204733727963,121.590026,39.093892,PICKUP,1583208960
122081305,3,2100076242794612426,121.655672,39.252756,PICKUP,1583232295
122881657,5,2100076239269365494,121.719564,39.1472,PICKUP,1583229587
122904977,5,2100076237167789381,121.623817,39.133607,PICKUP,1583228221
123459073,1,2100076211703120912,121.563742,39.140706,PICKUP,1583211391
123563353,1,2100076212298155570,121.44682,39.257853,PICKUP,1583211495
123931449,1,2100076197081647054,121.545221,39.177231,PICKUP,1583207068
123931449,3,2100076210496570655,121.56028,39.175582,PICKUP,1583210982
123931449,7,2100076236390041583,121.557346,39.176047,PICKUP,1583228878
123948441,1,2100076217771624194,121.541649,39.063946,PICKUP,1583217957
124124649,1,2100076250374637115,121.574559,39.167245,PICKUP,1583234405
125775258,3,2100076245558101159,121.486268,39.149633,PICKUP,1583233290
125996858,1,2100076193822311740,121.447198,39.210968,PICKUP,1583207057
10075573,1,2100076199464830523,121.562471,39.133214,PICKUP,1583208852
10094682,1,2100076204082005166,121.54389,39.151358,PICKUP,1583208547
10098837,1,2100076223336154494,121.418426,39.204365,PICKUP,1583222097
10102738,1,2100076206028457841,121.224189,39.118426,PICKUP,1583209054
10102738,3,2100076248448370197,121.223437,39.129054,PICKUP,1583233876
10120267,1,2100076184050337195,121.428224,39.197599,PICKUP,1583205523
10120267,3,2100076211130074309,121.428209,39.197022,PICKUP,1583212590
10183941,3,2100076247717086297,121.577471,39.109449,PICKUP,1583233335
10185816,1,2100076184099686239,121.440106,39.102172,PICKUP,1583200487
10219599,3,2100076210618959483,121.590896,39.111499,PICKUP,1583216211
10277311,1,2100076209557014209,121.528603,39.20687,PICKUP,1583211026
10289729,1,2100076241835362127,121.454337,39.10872,PICKUP,1583231343
10293468,1,2100076177085695637,121.752684,39.143143,PICKUP,1583207479
10294613,1,2100076196331456339,121.430248,39.196861,PICKUP,1583207626
10298963,3,2100076232556840339,121.516643,39.251961,PICKUP,1583226606
10304094,1,2100076197148886361,121.501664,39.180983,PICKUP,1583206921
10313234,1,2100076193206830672,121.521209,39.186442,PICKUP,1583206942
10322363,1,2100076196888086224,121.558904,39.174345,PICKUP,1583208352
10330725,3,2100076243691898729,121.45269,39.300903,PICKUP,1583233100
10354617,3,2100076207146632865,121.562301,39.175957,PICKUP,1583210909
10365330,1,2100076199130236883,121.711568,39.142757,PICKUP,1583208106
10416907,1,2100076212340688526,121.449525,39.283423,PICKUP,1583212679
10470630,1,2100076199341459067,121.525088,39.291942,PICKUP,1583207536
10488513,1,2100076198862455820,121.45468,39.10621,PICKUP,1583206879
10548486,1,2100076184794630011,121.53079,39.158849,PICKUP,1583202031
10566682,1,2100076202768467022,121.456642,39.19452,PICKUP,1583208464
10572143,1,2100076206917289280,121.527707,39.277047,PICKUP,1583210401
10572143,5,2100076245452851101,121.527403,39.274079,PICKUP,1583232688
10572923,1,2100076203672503930,121.526882,39.128798,PICKUP,1583209270
10579286,5,2100076246691612644,121.524643,39.080694,PICKUP,1583233453
10638398,5,2100076092422391375,121.614605,39.162555,PICKUP,1583225396
10642055,1,2100076207859663972,121.549608,39.133585,PICKUP,1583210707
10649045,1,2100076204603311869,121.580523,39.117857,PICKUP,1583210159
10650683,5,2100076254466442526,121.532453,39.199333,PICKUP,1583239079
10659267,1,2100076240790980105,121.592162,39.2164,PICKUP,1583230245
10659627,1,2100076199579878712,121.563831,39.177879,PICKUP,1583207416
10664091,1,2100076190209607406,121.524446,39.15854,PICKUP,1583205273
10671986,1,2100076191076779025,121.376702,39.146609,PICKUP,1583205762
10711180,5,2100076237304759662,121.529354,39.288613,PICKUP,1583229973
10748345,5,2100076227549824699,121.474392,39.106922,PICKUP,1583225389
10770945,3,2100076245984085042,121.4284,39.196233,PICKUP,1583233985
10781084,1,2100076201140356319,121.395658,39.087178,PICKUP,1583207466
10793094,7,2100076230913590286,121.701107,39.146319,PICKUP,1583226852
10803665,1,2100076208358491559,121.478717,39.143105,PICKUP,1583210243
10803667,1,2100076208079602829,121.488203,39.11134,PICKUP,1583210163
100076651,1,2100076237209470725,121.408317,39.190887,PICKUP,1583229740
101009538,7,2100076243224364621,121.767182,39.161244,PICKUP,1583231695
101266154,3,2100076248848074165,121.365777,39.135563,PICKUP,1583234885
101915922,1,2100076193513539194,121.689599,39.28233,PICKUP,1583206546
102064138,3,2100076207839511598,121.460087,39.204807,PICKUP,1583209947
102085666,1,2100076197727668026,121.657184,39.321414,PICKUP,1583207020
102246634,1,2100076197137549274,121.35355,39.428131,PICKUP,1583207378
102333794,5,2100076249680676526,121.353623,39.450242,PICKUP,1583234621
102358466,5,2100076240789047281,121.54052,39.063419,PICKUP,1583229777
102449370,3,2100076243905251275,121.665338,39.227904,PICKUP,1583231818
102895674,1,2100076193200146003,121.450587,39.210797,PICKUP,1583206456
102928218,1,2100076197912053258,121.554097,39.140221,PICKUP,1583207428
103041650,1,2100076200075494647,121.562398,39.151393,PICKUP,1583208247
103155394,3,2100076201765308387,121.463581,39.242087,PICKUP,1583207947
103530058,5,2100076238636942856,121.477954,39.07865,PICKUP,1583230178
104838370,1,2100076205994804710,121.484055,39.164821,PICKUP,1583209528
104838370,3,2100076217663685829,121.492056,39.162218,PICKUP,1583215783
104838370,5,2100076235290150856,121.492423,39.160793,PICKUP,1583228108
104989810,1,2100076204462769793,121.790503,39.11276,PICKUP,1583209540
104989810,3,2100076236856166396,121.798517,39.110392,PICKUP,1583228209
105226074,1,2100076201926330271,121.486026,39.192841,PICKUP,1583209221
105514250,1,2100076198698321041,121.690026,39.132367,PICKUP,1583207780
106277138,1,2100076208558999470,121.597094,39.201329,PICKUP,1583210781
106364250,3,2100076246312814427,121.708375,39.142137,PICKUP,1583234372
106973146,3,2100076189610771773,121.614913,39.134826,PICKUP,1583205488
107736970,1,2100076215394895738,121.538081,39.116112,PICKUP,1583214379
109511434,1,2100076188370830502,121.552071,39.11152,PICKUP,1583204636
109511434,5,2100076230113756729,121.547491,39.111696,PICKUP,1583226497
109539178,1,2100076193087456769,121.520854,39.174937,PICKUP,1583207758
110846282,1,2100076198548145301,121.446196,39.210256,PICKUP,1583207335
110962402,1,2100076194013840483,121.474313,39.158383,PICKUP,1583207213
111269722,1,2100076205141395069,121.474558,39.204697,PICKUP,1583208964
111618922,7,2100076244639811520,121.493543,39.189594,PICKUP,1583233703
112075042,1,2100076195027715248,121.623575,39.156325,PICKUP,1583207776
112480378,5,2100076233237464308,121.519348,39.195048,PICKUP,1583227267
112597122,1,2100076206444316358,121.619039,39.13397,PICKUP,1583210264
113022562,7,2100076223526274679,121.668936,39.133991,PICKUP,1583221059
113736177,1,2100076205695862038,121.583641,39.151957,PICKUP,1583208768
114323969,3,2100076237128041942,121.528002,39.277386,PICKUP,1583230549
114595425,5,2100076239612708148,121.560832,39.166945,PICKUP,1583230717
115619153,1,2100076207682422582,121.390837,39.095885,PICKUP,1583210246
115619153,3,2100076236843746479,121.4308,39.105816,PICKUP,1583229985
115861121,1,2100076203798791204,121.410782,39.1073,PICKUP,1583208498
116274473,1,2100076238112392395,121.414427,39.133428,PICKUP,1583229768
116446601,1,2100076203314579296,121.526973,39.262966,PICKUP,1583209345
116446601,3,2100076243488769975,121.525629,39.264827,PICKUP,1583232406
116872833,3,2100076218260915914,121.648415,39.252937,PICKUP,1583217160
116989929,1,2100076203834705051,121.756869,39.123026,PICKUP,1583208047
117008849,1,2100076198013339330,121.461643,39.098347,PICKUP,1583207066
117009049,1,2100076212413662558,121.490177,39.219449,PICKUP,1583213022
117010921,3,2100076229310678622,121.442875,39.102425,PICKUP,1583226226
117021681,3,2100076241152214375,121.389885,39.246709,PICKUP,1583230934
117040001,3,2100076249531746074,121.271271,39.148655,PICKUP,1583235485
117049569,3,2100076219066648232,121.22579,39.152825,PICKUP,1583218384
117106585,1,2100076201163786180,121.438798,39.194235,PICKUP,1583208558
117160881,1,2100076182534325621,121.546854,39.083451,PICKUP,1583199061
117160881,5,2100076218613761601,121.54515,39.083821,PICKUP,1583217216
117451033,1,2100076187282932903,121.471868,39.10589,PICKUP,1583203444
117672601,5,2100076247153083682,121.743696,39.12395,PICKUP,1583233201
118206785,1,2100076208981215000,121.445708,39.203554,PICKUP,1583210215
118206785,3,2100076245255423766,121.446671,39.206139,PICKUP,1583233843
118248009,1,2100076192160712495,121.41977,39.19987,PICKUP,1583205934
118347857,3,2100076231466452803,121.6202,39.031938,PICKUP,1583226488
118558089,3,2100076229673191036,121.428869,39.1969,PICKUP,1583226578
118667561,1,2100076199553631337,121.786553,39.095028,PICKUP,1583207920
118785289,3,2100076246708257937,121.456022,39.175589,PICKUP,1583233326
118789929,1,2100076189922821731,121.476551,39.127765,PICKUP,1583206041
118795745,3,2100076226484831719,121.48739,39.140353,PICKUP,1583223386
118795745,5,2100076237093734238,121.493484,39.142732,PICKUP,1583230920
118797201,1,2100076201405908867,121.487575,39.096435,PICKUP,1583208922
118800849,1,2100076199048873696,121.472645,39.138922,PICKUP,1583208436
118800849,5,2100076231136085260,121.476593,39.124592,PICKUP,1583226478
118808025,5,2100076205047547613,121.473554,39.136042,PICKUP,1583209740
118811881,3,2100076210590582056,121.454661,39.105973,PICKUP,1583211569
118816345,1,2100076211697091995,121.569102,39.174722,PICKUP,1583211883
118823393,1,2100076201378251951,121.450561,39.14337,PICKUP,1583208267
118841633,1,2100076222522000523,121.465791,39.063779,PICKUP,1583219453
118891361,7,2100076237679134167,121.469904,39.170629,PICKUP,1583230179
118918993,3,2100076234557719563,121.94322,39.592003,PICKUP,1583227010
118981753,1,2100076196252944318,121.709761,39.265276,PICKUP,1583207034
119271329,1,2100076175528953729,121.660434,39.172092,PICKUP,1583209445
119500977,1,2100076206984103224,121.568458,39.167006,PICKUP,1583210791
119543617,1,2100076218289391054,121.472278,39.114172,PICKUP,1583216317
120991385,1,2100076200688649220,121.428644,38.970886,PICKUP,1583208949
121163233,3,2100076248288331316,121.350757,39.063116,PICKUP,1583233574
121658489,1,2100076203868096215,121.550255,39.212925,PICKUP,1583208486
122081305,1,2100076197130110421,121.655438,39.252962,PICKUP,1583207560
122154985,3,2100076240996992280,121.570335,39.212326,PICKUP,1583230171
122287833,1,2100076239707178999,121.396432,39.308649,PICKUP,1583231210
122726849,1,2100076233565832502,121.546969,39.083911,PICKUP,1583228067
122881657,1,2100076195108455470,121.718056,39.14412,PICKUP,1583206769
123213849,1,2100076194282144881,121.560596,39.190055,PICKUP,1583207412
123321857,5,2100076177815013190,121.437384,39.125454,PICKUP,1583232322
123510313,1,2100076201414919568,121.751427,39.546408,PICKUP,1583208075
123563353,3,2100076239101462526,121.443221,39.258382,PICKUP,1583230203
123735529,1,2100076200472315695,121.590006,39.198182,PICKUP,1583208512
123810001,1,2100076208387589440,121.552113,39.2864,PICKUP,1583209857
124001625,1,2100076196811146266,121.535138,39.260182,PICKUP,1583207545
124712017,1,2100076205312411170,121.52155,39.133271,PICKUP,1583210340
124753497,3,2100076243494242182,121.424957,39.247179,PICKUP,1583231829
125119169,1,2100076197270980512,121.481108,39.144132,PICKUP,1583207192
125779698,1,2100076196592912255,121.616111,39.194039,PICKUP,1583207366
125812730,3,2100076221667083767,121.415863,39.130216,PICKUP,1583219581
10012508,1,2100076195951347593,121.548457,39.290662,PICKUP,1583206474
10021791,1,2100076203321624066,121.446504,39.20623,PICKUP,1583209942
10063192,1,2100076200922318629,121.495223,39.063485,PICKUP,1583209120
10067592,3,2100076238027326744,121.594491,39.207214,PICKUP,1583229178
10098837,3,2100076240796419454,121.428429,39.197168,PICKUP,1583230191
10126649,1,2100076180251706806,121.687778,39.140833,PICKUP,1583196366
10126649,3,2100076189150217654,121.687484,39.140752,PICKUP,1583204399
10126649,5,2100076211933676982,121.687789,39.140749,PICKUP,1583212341
10126649,9,2100076232662484406,121.687874,39.140783,PICKUP,1583229653
10127695,1,2100076235529717063,121.602477,39.133877,PICKUP,1583228973
10138087,1,2100076188495841165,121.428567,39.196725,PICKUP,1583206254
10194640,1,2100076194797945900,121.428709,39.196509,PICKUP,1583206520
10194640,11,2100076255699731898,121.428282,39.196395,PICKUP,1583241248
10282591,1,2100076235551278218,121.539717,39.211628,PICKUP,1583228282
10293468,5,2100076224892700309,121.752388,39.140863,PICKUP,1583221845
10298963,1,2100076197367514228,121.531923,39.2508,PICKUP,1583207037
10305435,1,2100076240901932146,121.548887,39.083742,PICKUP,1583230881
10312874,1,2100076203237213236,121.484855,39.164513,PICKUP,1583209189
10321101,1,2100076188549449662,121.708774,39.264872,PICKUP,1583205354
10322363,3,2100076223148328609,121.55731,39.178823,PICKUP,1583220745
10322363,5,2100076232781497799,121.557351,39.178804,PICKUP,1583227459
10328045,1,2100076182488647381,121.484779,39.171917,PICKUP,1583199367
10335674,3,2100076225331234607,121.537477,39.071155,PICKUP,1583223119
10361752,5,2100076238121305340,121.313656,39.125599,PICKUP,1583230113
10365330,3,2100076212211451276,121.712443,39.143224,PICKUP,1583213595
10392466,5,2100076224046728358,121.481491,39.154269,PICKUP,1583219964
10401287,1,2100076210028906490,121.574567,39.100238,PICKUP,1583211709
10401287,7,2100076248640686074,121.57527,39.103651,PICKUP,1583233663
10413087,1,2100076193939720101,121.752869,39.123512,PICKUP,1583206647
10417888,3,2100076241746396405,121.484462,39.1646,PICKUP,1583230876
10443328,3,2100076227953198450,121.602615,39.201793,PICKUP,1583224673
10449032,1,2100076197513987298,121.55227,39.142339,PICKUP,1583207148
10469547,5,2100076240363128196,121.590267,39.096307,PICKUP,1583231588
10477197,1,2100076187377075819,121.540456,39.064315,PICKUP,1583204225
10488513,7,2100076241405511409,121.454049,39.091008,PICKUP,1583230349
10515102,3,2100076249566021600,121.522097,39.132709,PICKUP,1583236152
10515576,1,2100076196356064759,121.631017,39.137624,PICKUP,1583206944
10515576,5,2100076245031322711,121.617441,39.133814,PICKUP,1583231935
10545647,3,2100076235438851109,121.418902,39.260762,PICKUP,1583228878
10572143,3,2100076229288331062,121.527717,39.27704,PICKUP,1583224317
10584671,1,2100076238415169059,121.775156,39.099141,PICKUP,1583230191
10593238,3,2100076220815083162,121.3342,39.123625,PICKUP,1583218302
10593238,5,2100076241376315067,121.365461,39.12162,PICKUP,1583231037
10598602,1,2100076178160486048,121.799068,39.101075,PICKUP,1583201299
10601332,1,2100076205099943723,121.534638,39.186885,PICKUP,1583208352
10632815,3,2100076223448286374,121.474285,39.106997,PICKUP,1583219968
10642060,3,2100076219274954619,121.528297,39.14111,PICKUP,1583217300
10642060,5,2100076233409791652,121.521183,39.156184,PICKUP,1583227556
10656566,1,2100076199970669855,121.467197,39.257281,PICKUP,1583208350
10660150,1,2100076211506578993,121.602403,39.183775,PICKUP,1583212370
10664091,3,2100076218849822587,121.530301,39.14813,PICKUP,1583216843
10664091,5,2100076236794332203,121.532204,39.151601,PICKUP,1583230273
10667763,1,2100076241320773548,121.454606,39.095164,PICKUP,1583231410
10671986,7,2100076236910494816,121.397896,39.14677,PICKUP,1583228589
10678111,1,2100076207403631686,121.501915,39.150979,PICKUP,1583210178
10681905,1,2100076203432805412,121.553733,39.142768,PICKUP,1583208874
10687789,1,2100076187767637476,121.74608,39.532571,PICKUP,1583204023
10711180,1,2100076190508615096,121.522363,39.291984,PICKUP,1583205595
10711258,1,2100076203224794176,121.574594,39.161153,PICKUP,1583210404
10720158,1,2100076229373134106,121.422907,39.151198,PICKUP,1583224966
10720158,3,2100076245753333004,121.423602,39.14512,PICKUP,1583233045
10726147,1,2100076234970662311,121.470718,39.126523,PICKUP,1583227726
10760325,1,2100076199416169519,121.541544,39.059741,PICKUP,1583208545
10775373,1,2100076206570702503,121.561359,39.182093,PICKUP,1583210429
10782205,1,2100076210993890451,121.756499,39.125754,PICKUP,1583211873
10787521,1,2100076242816796190,121.457908,39.296018,PICKUP,1583231663
10788532,1,2100076202149381299,121.752937,39.335015,PICKUP,1583208605
10799255,3,2100076244530038090,121.595748,39.215673,PICKUP,1583232600
10815609,3,2100076203120002897,121.413042,39.202118,PICKUP,1583209151
100002652,1,2100076209325639523,121.570062,39.132088,PICKUP,1583210643
100006950,3,2100076249943017325,121.410988,39.042971,PICKUP,1583235026
100166169,5,2100076245166818709,121.568516,39.167125,PICKUP,1583232682
100170616,5,2100076235669997471,121.472355,39.199233,PICKUP,1583228924
100429202,5,2100076242615698756,121.329219,39.125152,PICKUP,1583231725
101009538,3,2100076218680313115,121.800574,39.14231,PICKUP,1583216827
101009538,5,2100076227419637477,121.801617,39.139566,PICKUP,1583224244
101180274,1,2100076197923652707,121.403123,39.083834,PICKUP,1583207053
101269810,1,2100076188930475393,121.526749,39.11823,PICKUP,1583205280
101269810,3,2100076241227842949,121.53307,39.108563,PICKUP,1583231190
101419538,1,2100076231133464055,121.617453,39.133774,PICKUP,1583226500
101437378,3,2100076241483531641,121.574755,39.106898,PICKUP,1583231151
101958914,1,2100076183593911769,121.366377,39.148358,PICKUP,1583205941
101958914,5,2100076247869129846,121.350996,39.147524,PICKUP,1583233842
102106834,1,2100076195509437579,121.53653,39.180178,PICKUP,1583207302
102358466,3,2100076218067977986,121.548144,39.07634,PICKUP,1583218203
102401578,1,2100076238904919776,121.616421,38.987561,PICKUP,1583229801
102449370,1,2100076201747219965,121.642108,39.229957,PICKUP,1583209070
102505130,1,2100076178228020687,121.566032,39.245517,PICKUP,1583202151
102505130,5,2100076222502372755,121.531435,39.250747,PICKUP,1583219379
102688330,1,2100076240180741762,121.443754,39.207593,PICKUP,1583231212
102693874,1,2100076206667859591,121.591023,39.200736,PICKUP,1583211074
103006362,1,2100076196185277711,121.500571,39.170526,PICKUP,1583206876
103040946,1,2100076193702937767,121.487658,39.160223,PICKUP,1583207124
103216602,1,2100076203492312283,121.754559,39.347063,PICKUP,1583209063
103384498,3,2100076206370162313,121.394059,39.164596,PICKUP,1583209625
103410906,1,2100076248078813151,121.368194,39.121612,PICKUP,1583233269
103441042,1,2100076205869696529,121.442225,39.053081,PICKUP,1583210165
103502002,5,2100076234730702460,121.441959,38.949708,PICKUP,1583229116
103679442,1,2100076197846910866,121.481684,39.155623,PICKUP,1583207257
103738138,1,2100076243000788467,121.58681,39.167238,PICKUP,1583232478
105226074,5,2100076242153572098,121.478857,39.199134,PICKUP,1583231543
105233010,1,2100076246662546646,121.521353,39.1616,PICKUP,1583232757
105676642,1,2100076186395051347,121.689556,39.282496,PICKUP,1583203585
105676642,5,2100076247440262662,121.698648,39.278666,PICKUP,1583233403
105676642,7,2100076255212471537,121.689632,39.282401,PICKUP,1583239406
106359962,1,2100076182354462112,121.385322,39.250487,PICKUP,1583206715
106568746,3,2100076243041551926,121.666895,39.13792,PICKUP,1583231995
106582138,1,2100076189184886728,121.48475,39.16214,PICKUP,1583205486
106623778,1,2100076215709238737,121.694047,39.279195,PICKUP,1583214269
106834122,3,2100076234231645497,121.593075,39.111274,PICKUP,1583227073
106834122,5,2100076251503265251,121.578125,39.110439,PICKUP,1583236200
107130514,1,2100076213371995262,121.223957,39.129532,PICKUP,1583213496
107130514,3,2100076224485558055,121.223676,39.129296,PICKUP,1583221165
107476610,1,2100076206995605096,121.845316,39.159462,PICKUP,1583210163
107736970,3,2100076244403553669,121.540725,39.118449,PICKUP,1583231512
108136778,1,2100076197638735816,121.481431,39.154453,PICKUP,1583207392
110812290,1,2100076180333233854,121.528563,39.276989,PICKUP,1583200725
110943594,3,2100076251043760074,121.553703,39.139154,PICKUP,1583235295
110997610,1,2100076222339745528,121.601705,39.137217,PICKUP,1583222852
111193122,1,2100076197515462021,121.446887,39.210791,PICKUP,1583207295
111269722,5,2100076240249783724,121.465496,39.19208,PICKUP,1583230711
111618922,1,2100076182747383122,121.533313,39.17185,PICKUP,1583202440
111618922,3,2100076201184789514,121.482064,39.170274,PICKUP,1583208519
111845074,1,2100076178240964069,121.456714,39.210996,PICKUP,1583205956
112480378,1,2100076176608888576,121.494616,39.198319,PICKUP,1583201267
112480378,3,2100076218648364800,121.494599,39.198336,PICKUP,1583218150
112516818,1,2100076234568795801,121.571954,39.023536,PICKUP,1583227198
112525786,1,2100076204697420874,121.577103,39.139668,PICKUP,1583210278
112597122,3,2100076240596337751,121.617372,39.134018,PICKUP,1583230395
112996714,1,2100076173406930689,121.37312,39.142216,PICKUP,1583208215
112996714,5,2100076237355320416,121.377061,39.146811,PICKUP,1583229774
113022562,5,2100076212164035720,121.668948,39.133848,PICKUP,1583212875
113067034,5,2100076244380419118,121.712197,39.142766,PICKUP,1583231980
113186569,3,2100076213104707416,121.340097,39.442182,PICKUP,1583213992
113666817,1,2100076215709206023,121.456298,39.18475,PICKUP,1583216301
114251905,1,2100076191928452617,121.374495,39.303958,PICKUP,1583204716
114595425,1,2100076203040179831,121.550963,39.187335,PICKUP,1583209075
114595465,1,2100076209781311089,121.553551,39.177551,PICKUP,1583211166
114716833,1,2100076237102056586,121.546268,39.205693,PICKUP,1583229994
116190881,5,2100076248073603006,121.703733,39.261197,PICKUP,1583233938
116377137,1,2100076194130363888,121.959235,39.592693,PICKUP,1583207131
116642425,1,2100076219589396286,121.388913,39.234838,PICKUP,1583216923
116642425,3,2100076232821147545,121.379768,39.23868,PICKUP,1583227752
116737865,1,2100076183930537951,121.54152,39.064147,PICKUP,1583202440
116737865,3,2100076210457478258,121.579202,39.052142,PICKUP,1583211673
117009049,3,2100076220611757633,121.490252,39.21986,PICKUP,1583219079
117024145,1,2100076202708305886,121.488344,39.068466,PICKUP,1583208301
117024145,7,2100076244080461559,121.477296,39.07154,PICKUP,1583234895
117025081,5,2100076242732582175,121.450399,39.093118,PICKUP,1583230973
117031321,3,2100076196931044994,121.568628,39.165432,PICKUP,1583207063
117031713,1,2100076194523874577,121.530783,39.216671,PICKUP,1583206912
117049569,5,2100076243727648554,121.234746,39.124067,PICKUP,1583232729
117052073,1,2100076187590952895,121.439376,39.100164,PICKUP,1583206760
117054081,1,2100076221026206731,121.389554,39.246416,PICKUP,1583220701
117065769,1,2100076202303227542,121.604765,39.141164,PICKUP,1583209224
117065769,5,2100076249438423024,121.57914,39.125466,PICKUP,1583234614
117066833,1,2100076199361414557,121.661316,39.17404,PICKUP,1583207318
117066833,3,2100076222686037702,121.664955,39.16876,PICKUP,1583220856
117066833,5,2100076234462856754,121.660508,39.170182,PICKUP,1583228157
117068537,3,2100076197408409119,121.960894,39.591887,PICKUP,1583207912
117108625,1,2100076204796053116,121.430224,39.19479,PICKUP,1583210470
117208745,1,2100076205331220185,121.756195,39.110535,PICKUP,1583209732
117428305,1,2100076177271621310,121.526651,39.271345,PICKUP,1583213439
117528729,1,2100076207470544023,121.520845,39.204719,PICKUP,1583209559
117672601,1,2100076207568390025,121.750821,39.09674,PICKUP,1583210254
118200593,1,2100076204198168410,121.524237,39.151116,PICKUP,1583208803
118266025,1,2100076203937727702,121.685026,39.104411,PICKUP,1583208408
118322689,1,2100076198075892790,121.427614,38.887783,PICKUP,1583207688
118329481,1,2100076188292252939,121.406405,39.366305,PICKUP,1583204476
118475913,3,2100076202639787261,121.520823,39.206499,PICKUP,1583209203
118665761,1,2100076194988229762,121.767092,39.105181,PICKUP,1583206404
118673761,7,2100076241737679890,121.779714,39.09386,PICKUP,1583230031
118690377,1,2100076231357892265,121.707798,39.266753,PICKUP,1583227021
118781361,5,2100076249237424121,121.466965,39.286633,PICKUP,1583235629
118785289,1,2100076204661311371,121.478714,39.186395,PICKUP,1583211091
118787761,5,2100076244954023930,121.542327,39.258958,PICKUP,1583232559
118789929,3,2100076227145532922,121.487353,39.140351,PICKUP,1583223594
118795769,1,2100076183795565809,121.560999,39.189498,PICKUP,1583202022
118797201,3,2100076222873994791,121.4988,39.107641,PICKUP,1583219494
118797393,1,2100076210027759248,121.458931,39.140923,PICKUP,1583211551
118802473,1,2100076206453982930,121.534724,39.279887,PICKUP,1583210096
118804241,1,2100076202191489001,121.476989,39.105622,PICKUP,1583208519
118811881,1,2100076187465811550,121.439423,39.100141,PICKUP,1583204546
118816345,3,2100076235048683207,121.557431,39.182538,PICKUP,1583228697
118828337,1,2100076197255513818,121.676865,39.145989,PICKUP,1583207220
118916329,3,2100076234758129356,122.23187,39.360055,PICKUP,1583228834
118970329,1,2100076240947742337,122.237594,39.372269,PICKUP,1583230227
119285537,1,2100076201157100872,121.479769,39.072373,PICKUP,1583208269
119594593,1,2100076176787965534,121.425585,39.099989,PICKUP,1583207864
120171578,1,2100076201201567150,121.492578,39.203683,PICKUP,1583208151
120270738,1,2100076204811978208,121.608185,39.133198,PICKUP,1583209227
120882097,1,2100076205577078672,121.42857,38.90799,PICKUP,1583209904
121005753,3,2100076218244859496,121.7183,39.133121,PICKUP,1583215759
121168273,1,2100076197522442032,121.46597,39.225795,PICKUP,1583206615
121778417,1,2100076189719103480,121.467622,39.298296,PICKUP,1583204141
122154985,1,2100076199560710025,121.570331,39.215015,PICKUP,1583208026
122157481,1,2100076222855448277,121.50302,39.19822,PICKUP,1583220316
122726849,3,2100076250677413655,121.540038,39.075827,PICKUP,1583235837
123314609,3,2100076248726538028,121.38451,39.234205,PICKUP,1583234636
123511401,1,2100076195963438341,121.541078,39.064032,PICKUP,1583206407
123679329,1,2100076239117387597,121.572085,39.146149,PICKUP,1583229825
123763529,1,2100076206903199732,121.566878,39.177535,PICKUP,1583210646
123931449,5,2100076225607206378,121.557424,39.178764,PICKUP,1583222516
124001625,5,2100076248072455796,121.528046,39.247132,PICKUP,1583233134
124274137,1,2100076200511571399,121.557293,39.178623,PICKUP,1583207521
124682649,3,2100076242850121167,121.550043,39.244325,PICKUP,1583231241
124686817,1,2100076212907968210,121.57366,39.155816,PICKUP,1583211713
124686817,7,2100076250476872802,121.557598,39.163936,PICKUP,1583236030
125102201,1,2100076185937479625,121.366787,39.14775,PICKUP,1583212580
125155241,1,2100076192380617866,121.420376,39.18382,PICKUP,1583206515
125779698,3,2100076215287842800,121.601296,39.189008,PICKUP,1583213927
125996858,7,2100076243089917317,121.443451,39.211604,PICKUP,1583231512
10067592,1,2100076195107308771,121.595041,39.202558,DELIVERY,1583208454
10126649,7,2100076219774469558,121.687697,39.140813,DELIVERY,1583220366
10392466,3,2100076204889966054,121.477711,39.163497,DELIVERY,1583210457
10429491,1,2100076196316120106,121.630934,39.142142,DELIVERY,1583208511
10518924,3,2100076216213079791,121.477156,39.068398,DELIVERY,1583215397
10665583,1,2100076188099610601,121.45232,39.209361,DELIVERY,1583206243
10671104,1,2100076182593046000,121.403054,39.052794,DELIVERY,1583201560
10671104,3,2100076213557986800,121.402859,39.052739,DELIVERY,1583213939
10671104,5,2100076228135060976,121.403012,39.052619,DELIVERY,1583226800
10671104,7,2100076252142863856,121.42192,39.064148,DELIVERY,1583239359
10748345,1,2100076200807499190,121.468446,39.095253,DELIVERY,1583208191
10784899,1,2100076196563093492,121.544797,39.177218,DELIVERY,1583207537
10826864,1,2100076200604861577,121.443698,39.210636,DELIVERY,1583209380
101166018,1,2100076195826599062,121.484169,39.065745,DELIVERY,1583208841
106205842,1,2100076182428288496,121.403043,39.052801,DELIVERY,1583199683
106205842,3,2100076209000089072,121.403026,39.052782,DELIVERY,1583211967
106205842,5,2100076227146483184,121.407491,39.050287,DELIVERY,1583225703
106205842,7,2100076249135318512,121.403138,39.052726,DELIVERY,1583236951
107672506,1,2100076196201727695,121.534494,39.083226,DELIVERY,1583206928
112996714,3,2100076225532462849,121.376828,39.146764,DELIVERY,1583224596
113666817,3,2100076239778907874,121.456776,39.184694,DELIVERY,1583229640
113782457,1,2100076222960665646,121.428966,39.283494,DELIVERY,1583222291
114674785,1,2100076203061806636,121.695756,39.13757,DELIVERY,1583209776
116190881,1,2100076207059797244,121.707814,39.266533,DELIVERY,1583211216
117008849,7,2100076235543283600,121.439679,39.100355,DELIVERY,1583228852
117916001,7,2100076239218902558,121.408341,39.189435,DELIVERY,1583231416
118427817,1,2100076196695573642,121.546517,39.207945,DELIVERY,1583207544
118770561,1,2100076206663959943,121.447761,39.29128,DELIVERY,1583212070
118790673,1,2100076200753300947,121.486275,39.147164,DELIVERY,1583209371
118803113,1,2100076205734462772,121.573972,39.137448,DELIVERY,1583211165
118828521,1,2100076202884334765,121.525217,39.127498,DELIVERY,1583209445
121957913,1,2100076227654584021,121.503162,39.198149,DELIVERY,1583224187
121957913,3,2100076249739364053,121.503154,39.198307,DELIVERY,1583235245
123307425,1,2100076212686030835,121.658326,39.027134,DELIVERY,1583212752
125775258,1,2100076217631573478,121.475679,39.166752,DELIVERY,1583216490
10037225,1,2100076198646581137,121.548112,39.142678,DELIVERY,1583209231
10100267,1,2100076236272894990,121.41645,39.260513,DELIVERY,1583229507
10112683,1,2100076200037287347,121.453756,38.994103,DELIVERY,1583208308
10219599,5,2100076234378708737,121.591121,39.1113,DELIVERY,1583228456
10282135,1,2100076203557586270,121.451774,39.175489,DELIVERY,1583209189
10306647,1,2100076201439724963,121.530393,39.083257,DELIVERY,1583208438
10311341,1,2100076205783975164,121.70796,39.266761,DELIVERY,1583209538
10344320,3,2100076233041413565,121.484569,39.164495,DELIVERY,1583227430
10354617,1,2100076174814709409,121.55759,39.178846,DELIVERY,1583203638
10365330,5,2100076236183700487,121.703051,39.149208,DELIVERY,1583228847
10392452,1,2100076197266589501,121.486049,39.157223,DELIVERY,1583207485
10443328,5,2100076247438951498,121.602364,39.201857,DELIVERY,1583233597
10459881,1,2100076185385928609,121.756115,39.107129,DELIVERY,1583202750
10459881,7,2100076248240096668,121.736106,39.109912,DELIVERY,1583235254
10470630,5,2100076246238136120,121.549991,39.289083,DELIVERY,1583233800
10487413,1,2100076248473961595,121.528608,39.277378,DELIVERY,1583236530
10593238,1,2100076185918374960,121.365297,39.121478,DELIVERY,1583204727
10598602,5,2100076239624701567,121.795332,39.084149,DELIVERY,1583230710
10638398,1,2100076184509744774,121.616798,39.154133,DELIVERY,1583202563
10650683,1,2100076203398661272,121.530159,39.201399,DELIVERY,1583209648
10663375,1,2100076198582649976,121.388482,39.374162,DELIVERY,1583208667
10712195,1,2100076199776552047,121.531475,39.179257,DELIVERY,1583209131
10763831,3,2100076242681562498,121.647874,39.182548,DELIVERY,1583232194
10779201,3,2100076244698400688,121.595935,39.210839,DELIVERY,1583232835
10784899,5,2100076234247046591,121.557388,39.178786,DELIVERY,1583227641
10784899,9,2100076257179436316,121.55227,39.179264,DELIVERY,1583240466
10787521,3,2100076255783191801,121.472316,39.291694,DELIVERY,1583242366
10793094,1,2100076208361539578,121.696749,39.146344,DELIVERY,1583209943
10804247,3,2100076202413688076,121.240733,38.941059,DELIVERY,1583209020
10826871,3,2100076229855347962,121.537321,39.204681,DELIVERY,1583225925
100002652,5,2100076241443226768,121.56358,39.154567,DELIVERY,1583230820
100170616,1,2100076192631326709,121.478816,39.199716,DELIVERY,1583205936
100429202,1,2100076206041760931,121.378011,39.11265,DELIVERY,1583208712
101266154,1,2100076229658215590,121.378149,39.122936,DELIVERY,1583225275
101915922,5,2100076245427979505,121.702926,39.27951,DELIVERY,1583234249
102064138,1,2100076180373014396,121.446893,39.210345,DELIVERY,1583198490
102505842,1,2100076230560941383,121.616106,39.190106,DELIVERY,1583227187
102748698,1,2100076239081113236,121.565345,39.140715,DELIVERY,1583230530
102938282,5,2100076235296835143,121.435355,39.298508,DELIVERY,1583228111
102952578,1,2100076238953514588,121.564481,39.165732,DELIVERY,1583230446
103191818,3,2100076245015693182,121.539687,39.255214,DELIVERY,1583231935
103384498,5,2100076226566882576,121.405222,39.175932,DELIVERY,1583224242
103530058,1,2100076207160559266,121.460173,39.070254,DELIVERY,1583210355
105676642,3,2100076215453418835,121.688502,39.282276,DELIVERY,1583214735
106359962,3,2100076234760521440,121.426528,39.246832,DELIVERY,1583228338
106581010,3,2100076235211572785,121.614949,39.145385,DELIVERY,1583228585
107647570,1,2100076209711646089,121.629597,39.134365,DELIVERY,1583211880
111811122,1,2100076242036819354,121.604186,39.189139,DELIVERY,1583232263
112075042,3,2100076218164414393,121.61427,39.156302,DELIVERY,1583216035
113067034,1,2100076192726156945,121.712573,39.143297,DELIVERY,1583207477
113067034,3,2100076222911645561,121.715528,39.143169,DELIVERY,1583220967
113186569,5,2100076192525256093,121.35331,39.428285,DELIVERY,1583223223
113419889,1,2100076196753278362,121.604213,39.184203,DELIVERY,1583207517
113485593,1,2100076224867272384,121.5965,39.208392,DELIVERY,1583222339
115867977,1,2100076225758562271,121.46781,39.298343,DELIVERY,1583221852
116479041,1,2100076203771528361,121.469755,39.158623,DELIVERY,1583208400
116505025,1,2100076239462532911,121.178495,38.930068,DELIVERY,1583231917
116795681,1,2100076204928861659,121.467161,39.158532,DELIVERY,1583210023
117010921,1,2100076191257626331,121.430205,39.103626,DELIVERY,1583207584
117024545,1,2100076190420206748,121.4369,39.251261,DELIVERY,1583206507
117026369,1,2100076231563805987,121.582231,39.228773,DELIVERY,1583227209
117069697,1,2100076204706596074,121.958919,39.593598,DELIVERY,1583209805
117080089,3,2100076252097250433,121.942208,39.596678,DELIVERY,1583238048
117672601,3,2100076227795125733,121.75376,39.111639,DELIVERY,1583224700
117916001,3,2100076217595332471,121.414642,39.192474,DELIVERY,1583216818
118308465,1,2100076194563130598,121.527886,39.058289,DELIVERY,1583207569
118322641,1,2100076205919733756,121.442361,38.909254,DELIVERY,1583209361
118475913,1,2100076185665668823,121.522321,39.216047,DELIVERY,1583203989
118559025,1,2100076196019603104,121.255495,38.943414,DELIVERY,1583210322
118661681,1,2100076203509613591,121.585664,39.104547,DELIVERY,1583209447
118760649,5,2100076232040908705,121.487549,39.122138,DELIVERY,1583227019
118789185,1,2100076215529932767,121.487643,39.128795,DELIVERY,1583213857
118789929,5,2100076234492019977,121.48736,39.140477,DELIVERY,1583229952
118792033,3,2100076215868589944,121.539352,39.288714,DELIVERY,1583214070
118793961,5,2100076245124449561,121.562162,39.182361,DELIVERY,1583232902
118797201,7,2100076237591185283,121.495822,39.10479,DELIVERY,1583230303
118808025,9,2100076228308862144,121.492712,39.122049,DELIVERY,1583223530
118828337,3,2100076211213370820,121.703402,39.133971,DELIVERY,1583213274
118891361,1,2100076204532335627,121.465041,39.158336,DELIVERY,1583210798
118918985,3,2100076230691161281,121.958759,39.592662,DELIVERY,1583226253
118918993,1,2100076215905093040,121.958911,39.592423,DELIVERY,1583214262
119271329,3,2100076218867549889,121.664357,39.183667,DELIVERY,1583219311
119749201,1,2100076188689434086,121.476715,39.117448,DELIVERY,1583205568
120549513,1,2100076203492149033,121.433468,38.896518,DELIVERY,1583209204
121572297,1,2100076215487202346,121.748635,39.108246,DELIVERY,1583214940
121778417,3,2100076199991248091,121.446249,39.289061,DELIVERY,1583208724
122161113,1,2100076216724718718,121.483625,39.064995,DELIVERY,1583216546
122881657,3,2100076224307660632,121.694302,39.137511,DELIVERY,1583222543
123321857,3,2100076224416155125,121.457221,39.133161,DELIVERY,1583220256
123497569,1,2100076193091225217,121.442617,39.183354,DELIVERY,1583207127
123931449,11,2100076254299358881,121.560723,39.176034,DELIVERY,1583238001
124274137,5,2100076246865708663,121.545096,39.177497,DELIVERY,1583233967
10491749,1,2100076190585620437,121.4861,39.318705,DELIVERY,1583206548
10678111,3,2100076233574582136,121.484479,39.120221,DELIVERY,1583227293
119149921,1,2100076208682436288,121.619102,39.20539,DELIVERY,1583212622
122153417,1,2100076203371201681,121.475157,39.169375,DELIVERY,1583211068
