courier_id,wave_index,tracking_id,courier_wave_start_lng,courier_wave_start_lat,action_type,expect_time
10037225,2,2100076119741990736,121.521112,39.167545,PICKUP,1583121750
10039046,0,2100076100632807136,121.425201,39.252415,PICKUP,1583109897
10043801,6,2100076170850698814,121.440685,39.117304,PICKUP,1583153932
10097074,0,2100076138912712567,121.303492,39.136717,PICKUP,1583131463
10097074,2,2100076144877570009,121.304509,39.12889,PICKUP,1583136933
10100267,4,2100076166062245558,121.415455,39.270631,PICKUP,1583148516
10102738,0,2100076109274252773,121.223566,39.129365,PICKUP,1583119453
10112683,4,2100076157799532488,121.44407,38.989419,PICKUP,1583144430
10181667,6,2100076153853314193,121.422891,39.151427,PICKUP,1583142978
10199051,0,2100076109157271136,121.466825,39.095106,PICKUP,1583120386
10239433,0,2100076119281272806,121.445618,38.97117,PICKUP,1583121645
10239433,2,2100076149975189182,121.438574,38.968841,PICKUP,1583140920
10250573,0,2100076108381979933,121.526551,39.33522,PICKUP,1583117574
10271563,0,2100076118288926107,121.49694,39.059731,PICKUP,1583120457
10278503,4,2100076172872320485,121.649143,39.141212,PICKUP,1583157070
10281321,0,2100076099260057072,121.972645,39.601758,PICKUP,1583106483
10306647,0,2100076121829508515,121.53278,39.08325,PICKUP,1583122239
10313234,2,2100076113252582410,121.515525,39.187052,PICKUP,1583120267
10319201,0,2100076110842037390,121.753959,39.110528,PICKUP,1583118920
10335674,0,2100076119763453726,121.543144,39.079121,PICKUP,1583122396
10392454,0,2100076099341518269,121.484368,39.164544,PICKUP,1583109694
10392454,2,2100076111566178102,121.481465,39.152859,PICKUP,1583119062
10413087,4,2100076159441471188,121.76536,39.123292,PICKUP,1583145006
10416907,0,2100076119407297892,121.458081,39.29044,PICKUP,1583121686
10459881,2,2100076112727541487,121.753936,39.111398,PICKUP,1583119601
10477197,0,2100076099442771480,121.528043,39.063466,PICKUP,1583111495
10487413,2,2100076129224132082,121.527793,39.277057,PICKUP,1583126128
10488513,2,2100076131064776639,121.454041,39.105952,PICKUP,1583125659
10492242,4,2100076148567770629,121.52026,39.186137,PICKUP,1583140116
10548486,2,2100076161563035088,121.538637,39.163788,PICKUP,1583145978
10572923,0,2100076122420840154,121.523917,39.115128,PICKUP,1583122632
10609171,0,2100076118344336875,121.40789,39.190685,PICKUP,1583120546
10633991,0,2100076122838730645,121.41703,39.185274,PICKUP,1583122865
10650683,4,2100076157363848342,121.537625,39.20139,PICKUP,1583144024
10664091,6,2100076168081016046,121.50697,39.169348,PICKUP,1583149059
10668497,0,2100076130851489726,121.707796,39.266792,PICKUP,1583125651
10671986,6,2100076166857590502,121.364507,39.139487,PICKUP,1583149004
10676669,2,2100076133163632193,121.548372,39.083441,PICKUP,1583142242
10712014,0,2100076119167797044,121.422896,39.151227,PICKUP,1583121944
10751501,0,2100076116588791019,121.952793,39.607025,PICKUP,1583120415
10768209,0,2100076119247881447,121.406083,39.364773,PICKUP,1583122047
10782205,0,2100076117878277414,121.76516,39.123098,PICKUP,1583122003
10783757,0,2100076102790579857,121.368166,39.107344,PICKUP,1583116208
10783757,2,2100076165235672470,121.36819,39.107329,PICKUP,1583148112
100002543,0,2100076120025827096,121.638162,39.135268,PICKUP,1583123219
100076651,4,2100076145731011720,121.41308,39.202453,PICKUP,1583136396
100084429,2,2100076149986592514,121.255722,38.952831,PICKUP,1583139518
100149376,2,2100076122731152430,121.457202,39.218749,PICKUP,1583123100
101009538,4,2100076154634831795,121.799501,39.145131,PICKUP,1583141756
101180274,0,2100076112544171059,121.405726,39.084272,PICKUP,1583119241
101419538,6,2100076162224883458,121.612356,39.133671,PICKUP,1583145831
102333794,2,2100076156345780065,121.353548,39.430309,PICKUP,1583143476
102358466,0,2100076101053777666,121.527316,39.072562,PICKUP,1583110940
102358466,4,2100076141502989502,121.548472,39.076111,PICKUP,1583133944
102499938,0,2100076099771696982,121.52905,39.250967,PICKUP,1583111428
102505146,0,2100076099945563408,121.531795,39.250823,PICKUP,1583108807
102505146,2,2100076093576644047,121.549699,39.24715,PICKUP,1583113654
102505146,6,2100076129126418036,121.549699,39.24715,PICKUP,1583124797
102928218,0,2100076115817236072,121.552147,39.139639,PICKUP,1583120106
102938282,2,2100076136391181660,121.43065,39.301084,PICKUP,1583129961
103384498,0,2100076112463430719,121.401153,39.177422,PICKUP,1583119035
103404602,0,2100076019008439611,121.360056,39.122012,PICKUP,1583119933
103502002,0,2100076117577532939,121.456562,38.94913,PICKUP,1583120256
103648954,2,2100076159266915338,121.523027,39.179655,PICKUP,1583144722
103679442,0,2100076115706349270,121.484755,39.164477,PICKUP,1583120311
105974626,2,2100076151767532859,121.571001,39.135185,PICKUP,1583143074
106359898,0,2100076110176257633,121.424382,39.252588,PICKUP,1583118522
107080018,0,2100076100787078767,121.528549,39.11706,PICKUP,1583112935
107672506,6,2100076156253471864,121.539117,39.083655,PICKUP,1583142954
107874090,0,2100076100303586414,121.795742,39.156485,PICKUP,1583112151
109511434,2,2100076133357782997,121.552703,39.111509,PICKUP,1583128677
110624410,2,2100076138426533481,121.483026,39.083262,PICKUP,1583132285
111227890,0,2100076116713309489,121.089919,39.680224,PICKUP,1583121303
111269722,6,2100076172607751752,121.4953,39.208425,PICKUP,1583153323
112027066,0,2100076118056601232,121.353246,39.429777,PICKUP,1583120871
112597122,2,2100076146524718933,121.617345,39.133916,PICKUP,1583138500
112906890,0,2100076122911409671,121.813694,39.136068,PICKUP,1583121860
113147922,0,2100076118402107084,121.592074,39.12625,PICKUP,1583121188
113152290,0,2100076101035066497,121.464277,39.137416,PICKUP,1583112139
113186569,2,2100076127481267388,121.353476,39.429687,PICKUP,1583123787
114323969,0,2100076107046324188,121.527762,39.276765,PICKUP,1583118319
114464161,4,2100076150795405309,121.454188,39.131729,PICKUP,1583140694
114783777,0,2100076120924914910,121.373977,39.097421,PICKUP,1583122529
114797801,4,2100076147732678291,121.433951,38.971025,PICKUP,1583138618
115025641,2,2100076142334313628,121.74537,39.527661,PICKUP,1583136882
115861121,2,2100076122772572078,121.411706,39.097328,PICKUP,1583122695
116034321,0,2100076117855733268,121.55706,39.103644,PICKUP,1583122029
116190881,0,2100076103164462708,121.726025,39.25472,PICKUP,1583113799
116737865,0,2100076070234096754,121.560335,39.060756,PICKUP,1583111859
117010761,0,2100076143296415507,121.638723,39.073384,PICKUP,1583136463
117024145,4,2100076142239778720,121.474544,39.0716,PICKUP,1583135088
117026577,0,2100076111807251847,121.574757,39.218596,PICKUP,1583119710
117028241,2,2100076157751952871,121.299587,39.141,PICKUP,1583144096
117051577,0,2100076108503615413,121.231973,39.111668,PICKUP,1583118318
117052073,2,2100076117336524137,121.450202,39.091562,PICKUP,1583120509
117208745,4,2100076171634804429,121.762867,39.099888,PICKUP,1583151283
117451033,2,2100076117057308382,121.474223,39.106826,PICKUP,1583120351
117464353,0,2100076100326590242,121.626702,39.037112,PICKUP,1583110988
117779017,2,2100076131090269975,121.340009,39.123952,PICKUP,1583127360
118310905,0,2100076104792737148,121.251717,38.94895,PICKUP,1583117556
118347857,4,2100076150379743010,121.618942,39.031164,PICKUP,1583140632
118448081,0,2100076119399957955,121.630691,39.14224,PICKUP,1583121913
118690377,4,2100076152253482942,121.709251,39.258131,PICKUP,1583142491
118699633,0,2100076117492335735,121.460427,39.175752,PICKUP,1583121480
118699633,4,2100076159488623944,121.466256,39.18743,PICKUP,1583145031
118760809,2,2100076119737795704,121.459557,39.145999,PICKUP,1583121951
118760809,4,2100076162329642453,121.470738,39.141478,PICKUP,1583147008
118774137,0,2100076116803028539,121.446622,39.257698,PICKUP,1583121448
118778673,4,2100076154016597689,121.554242,39.18465,PICKUP,1583142579
118778673,6,2100076167894402419,121.565355,39.185683,PICKUP,1583149512
118787177,0,2100076154417743533,121.516061,39.03154,PICKUP,1583143158
118787761,4,2100076165282891679,121.532331,39.250736,PICKUP,1583147908
118797201,2,2100076111872362083,121.519667,39.115053,PICKUP,1583119963
118797201,6,2100076155460585262,121.472083,39.101514,PICKUP,1583143920
118797201,8,2100076168172471853,121.496893,39.09661,PICKUP,1583149855
118802153,0,2100076129529955852,121.519212,39.223198,PICKUP,1583124878
118804241,0,2100076113813538312,121.487265,39.129282,PICKUP,1583120558
119594593,4,2100076128935970626,121.423355,39.105627,PICKUP,1583125298
120728913,0,2100076103389906133,121.975622,39.597436,PICKUP,1583116170
120939545,0,2100076117109966514,121.352842,39.054265,PICKUP,1583121278
121157737,0,2100076107017226050,121.370507,39.26632,PICKUP,1583117866
122093097,0,2100076104969651738,121.567735,39.151673,PICKUP,1583124803
123497569,0,2100076118117746685,121.436041,39.183098,PICKUP,1583121011
123948441,0,2100076116737885369,121.550363,39.063786,PICKUP,1583121332
123968217,2,2100076114900944065,121.614553,39.11023,PICKUP,1583120568
124267545,2,2100076145590174922,121.515709,39.05432,PICKUP,1583138636
124712017,0,2100076118437725647,121.526984,39.128542,PICKUP,1583121126
125155241,0,2100076113256187018,121.408131,39.189902,PICKUP,1583120372
125157297,2,2100076121460573914,121.608653,39.097491,PICKUP,1583122714
125779698,4,2100076159562745494,121.616554,39.18235,PICKUP,1583145138
125812730,0,2100076102749554414,121.413193,39.134488,PICKUP,1583116036
125864962,0,2100076109438486206,121.502277,39.088381,PICKUP,1583118193
10081729,0,2100076099152316283,121.532416,39.153693,PICKUP,1583111721
10083928,0,2100076100406609613,121.595218,39.207286,PICKUP,1583111576
10117471,0,2100076111496479880,121.407969,39.19015,PICKUP,1583119661
10120267,0,2100076103805404796,121.428634,39.197824,PICKUP,1583115267
10123801,0,2100076106541958564,121.473978,39.107009,PICKUP,1583117152
10127695,0,2100076101117052664,121.601709,39.137003,PICKUP,1583114395
10135747,0,2100076117109802135,121.531185,39.142886,PICKUP,1583121748
10164305,2,2100076104630961787,121.593874,39.111973,PICKUP,1583126050
10182539,0,2100076118057486097,121.490508,39.020432,PICKUP,1583121237
10183941,0,2100076117686257015,121.570299,39.102146,PICKUP,1583121027
10208063,2,2100076129933526770,121.481106,39.014492,PICKUP,1583125015
10248665,6,2100076157517825572,121.396341,39.131039,PICKUP,1583145129
10282135,4,2100076146736498183,121.458934,39.176109,PICKUP,1583139395
10282591,6,2100076165330798302,121.537515,39.206694,PICKUP,1583149330
10289729,0,2100076119520871444,121.454322,39.108724,PICKUP,1583122877
10290949,0,2100076109391988426,121.408103,39.189938,PICKUP,1583118744
10298963,0,2100076114423285657,121.531886,39.250918,PICKUP,1583120266
10311341,0,2100076100259546793,121.707464,39.250262,PICKUP,1583111121
10312874,2,2100076125553788512,121.484547,39.164544,PICKUP,1583123635
10319201,2,2100076151451616978,121.759089,39.105416,PICKUP,1583141326
10319692,0,2100076116499334256,121.310163,39.143139,PICKUP,1583121744
10324609,0,2100076126882301616,121.59075,39.131496,PICKUP,1583124291
10354617,2,2100076122505839836,121.548662,39.177292,PICKUP,1583122146
10361752,0,2100076112464708730,121.299529,39.128822,PICKUP,1583119106
10405101,0,2100076115392989136,121.249028,38.952499,PICKUP,1583119909
10408117,0,2100076114908743634,121.581844,39.109027,PICKUP,1583120930
10413087,2,2100076113591043792,121.771239,39.119236,PICKUP,1583121419
10416024,0,2100076096174195712,121.458279,39.211043,PICKUP,1583112551
10429097,0,2100076159185421880,121.474735,39.293871,PICKUP,1583144216
10457899,0,2100076110931986295,121.751037,39.548068,PICKUP,1583119588
10478035,0,2100076098101216981,121.503098,39.198133,PICKUP,1583107070
10492242,6,2100076169823454234,121.529167,39.168136,PICKUP,1583152118
10518924,0,2100076111230568175,121.500457,39.067986,PICKUP,1583119494
10527162,0,2100076128435308182,121.612176,39.189154,PICKUP,1583125097
10579286,4,2100076158242358557,121.54655,39.084007,PICKUP,1583144390
10614152,2,2100076126145775418,121.483154,39.205004,PICKUP,1583123089
10619176,2,2100076108492146480,121.434501,39.212263,PICKUP,1583119228
10622520,0,2100076102353487330,121.616126,39.156749,PICKUP,1583121129
10632815,2,2100076142303151878,121.466856,39.095213,PICKUP,1583136247
10642055,0,2100076107292771502,121.544915,39.135083,PICKUP,1583119384
10645907,6,2100076154715506634,121.443063,39.296316,PICKUP,1583142129
10656566,0,2100076113581868782,121.464543,39.250773,PICKUP,1583120444
10659267,2,2100076126504060425,121.596307,39.20194,PICKUP,1583125453
10663375,0,2100076123214480593,121.404546,39.363837,PICKUP,1583123257
10664091,0,2100076104068597627,121.528913,39.144093,PICKUP,1583116100
10664091,2,2100076127205066434,121.520023,39.15877,PICKUP,1583123826
10667763,0,2100076115108431325,121.466585,39.095073,PICKUP,1583119915
10670465,2,2100076131341108711,121.489609,39.128199,PICKUP,1583126199
10670465,4,2100076149689026421,121.487847,39.128827,PICKUP,1583140468
10671039,0,2100076124029420547,121.419159,39.197276,PICKUP,1583123147
10676669,0,2100076109331629688,121.548372,39.083441,PICKUP,1583119743
10696554,0,2100076123055818331,121.480859,39.249917,PICKUP,1583122836
10711180,0,2100076118690334611,121.523804,39.285702,PICKUP,1583121187
10711180,2,2100076149611005272,121.529089,39.288774,PICKUP,1583142182
10712014,2,2100076150300345964,121.409569,39.149945,PICKUP,1583141882
10721724,0,2100076119024306111,121.439871,39.095919,PICKUP,1583122454
10728396,0,2100076102136923791,121.761417,39.347188,PICKUP,1583115749
10731534,4,2100076153991235545,121.353344,39.430296,PICKUP,1583142797
10742004,0,2100076121339102667,121.487716,39.117445,PICKUP,1583122991
10742004,2,2100076164924671106,121.468077,39.131796,PICKUP,1583147400
10747277,0,2100076108078417543,121.568649,39.167676,PICKUP,1583116971
10757702,0,2100076109764167155,121.531686,39.140229,PICKUP,1583119465
10760325,0,2100076119468868812,121.54155,39.064306,PICKUP,1583122530
10762615,0,2100076111865513744,121.580164,39.149287,PICKUP,1583119442
10762615,4,2100076165781488786,121.579946,39.148747,PICKUP,1583148082
10774871,0,2100076109105300761,121.433703,39.198708,PICKUP,1583120790
10776078,0,2100076113031988651,121.310032,39.143106,PICKUP,1583121065
10779201,2,2100076130529576206,121.601121,39.220937,PICKUP,1583125754
10787521,2,2100076120072848413,121.490899,39.296813,PICKUP,1583121644
10787521,4,2100076153799411230,121.472044,39.291665,PICKUP,1583142183
10793094,0,2100076123900184411,121.701075,39.146078,PICKUP,1583122954
10805160,0,2100076119257057209,121.616011,39.029492,PICKUP,1583121931
10808308,0,2100076121870599307,121.552059,39.139254,PICKUP,1583122560
10815609,2,2100076122668663946,121.422261,39.177876,PICKUP,1583122318
10816376,0,2100076109844546604,121.428324,39.196088,PICKUP,1583118669
100002652,0,2100076114475452049,121.565705,39.150086,PICKUP,1583120651
100076651,6,2100076159818401208,121.416644,39.175645,PICKUP,1583145083
100122337,0,2100076112387835279,121.593454,39.204111,PICKUP,1583119920
101364834,0,2100076122124616892,121.400995,39.177432,PICKUP,1583123383
101437378,0,2100076126246700522,121.590362,39.111635,PICKUP,1583124304
101579522,0,2100076101940020285,121.563509,39.135757,PICKUP,1583112556
101915922,2,2100076161469810376,121.651579,39.300554,PICKUP,1583149729
101943338,0,2100076102103401705,121.675408,39.271064,PICKUP,1583114765
102002930,0,2100076103280854197,121.623587,39.133951,PICKUP,1583114973
102064138,2,2100076116310492983,121.446974,39.196314,PICKUP,1583122149
102225434,0,2100076100989978083,121.650479,39.303924,PICKUP,1583109938
102505146,4,2100076113834476816,121.549749,39.247033,PICKUP,1583120298
102693874,0,2100076099709699553,121.595214,39.207439,PICKUP,1583114922
102693874,2,2100076124618196007,121.580698,39.219762,PICKUP,1583124139
102748698,4,2100076163950413104,121.571664,39.13582,PICKUP,1583147376
103258066,2,2100076127448171683,121.440439,39.201836,PICKUP,1583123601
103258066,6,2100076150352676376,121.432137,39.198603,PICKUP,1583140962
103401674,0,2100076129484113534,121.621844,39.11124,PICKUP,1583125254
103530058,0,2100076108479891323,121.479496,39.068603,PICKUP,1583120107
103636594,0,2100076111203993149,121.446291,39.258299,PICKUP,1583120506
103648954,0,2100076106067412928,121.524334,39.184729,PICKUP,1583119182
104838370,2,2100076115650938858,121.469634,39.161879,PICKUP,1583120610
105226074,0,2100076119934207736,121.472688,39.1993,PICKUP,1583121563
105898418,2,2100076156409972480,121.503224,39.19905,PICKUP,1583145398
106973146,0,2100076104563656505,121.603026,39.132851,PICKUP,1583116172
107699026,4,2100076149886125816,121.453925,39.199964,PICKUP,1583141027
108061506,6,2100076159614453400,121.445635,39.302613,PICKUP,1583145548
108136778,0,2100076105329182182,121.483931,39.164699,PICKUP,1583116730
109696338,0,2100076111604057556,121.525124,39.13286,PICKUP,1583119542
110105858,0,2100076134635898457,121.524956,39.132388,PICKUP,1583128492
110105858,4,2100076164617045180,121.546461,39.133508,PICKUP,1583147928
110829786,0,2100076104509490946,121.541221,39.06366,PICKUP,1583121908
110846282,0,2100076111903524663,121.446852,39.202079,PICKUP,1583120044
110943594,0,2100076118393848848,121.552741,39.134033,PICKUP,1583121186
110944498,0,2100076100430726880,121.67735,39.068674,PICKUP,1583112302
111069178,2,2100076104105134041,121.541463,39.167754,PICKUP,1583116144
111187786,0,2100076106029892883,121.411921,39.042175,PICKUP,1583118510
111358546,0,2100076128511067679,121.610044,39.133121,PICKUP,1583124976
111358546,2,2100076161985087157,121.614215,39.133297,PICKUP,1583146252
111845074,0,2100076114832917976,121.453261,39.212777,PICKUP,1583122297
111845074,2,2100076151080683055,121.453166,39.209863,PICKUP,1583141308
112007530,2,2100076150829646862,121.535561,39.075523,PICKUP,1583141743
112022106,0,2100076125386147661,121.565705,39.150174,PICKUP,1583124723
112025322,0,2100076110269056169,121.443735,39.26902,PICKUP,1583120938
112044866,0,2100076099773990407,121.800539,39.131883,PICKUP,1583112683
112996714,0,2100076093203482369,121.365262,39.152412,PICKUP,1583112162
113147922,2,2100076142134527967,121.601653,39.137029,PICKUP,1583133839
113172298,0,2100076102189253968,121.39442,39.164186,PICKUP,1583112723
113419889,2,2100076126477911084,121.604108,39.189506,PICKUP,1583124036
113601193,2,2100076162233304067,121.428132,39.197101,PICKUP,1583146212
114251585,0,2100076125020718601,121.356682,39.289422,PICKUP,1583123996
114286177,0,2100076119676093544,121.569179,39.095623,PICKUP,1583121691
114286177,2,2100076157132670544,121.569233,39.098096,PICKUP,1583143967
114464161,6,2100076164048651818,121.467994,39.131915,PICKUP,1583147861
115025641,0,2100076110867497999,121.745365,39.527661,PICKUP,1583120355
115598089,4,2100076155479852436,121.470918,39.125226,PICKUP,1583143781
115862809,0,2100076121642141256,121.482211,39.210353,PICKUP,1583122787
116190881,2,2100076115486049312,121.702819,39.28117,PICKUP,1583120457
116737865,2,2100076122051052686,121.584394,39.049286,PICKUP,1583122208
116971497,0,2100076097736803504,121.66414,39.18368,PICKUP,1583111463
116971497,2,2100076126709089413,121.681694,39.174865,PICKUP,1583124785
117010921,0,2100076096105514965,121.434158,39.102281,PICKUP,1583121850
117015113,0,2100076122818872939,121.311053,39.141513,PICKUP,1583121905
117024545,0,2100076117812249845,121.431952,39.232748,PICKUP,1583121914
117028241,0,2100076121071977594,121.320043,39.142728,PICKUP,1583122296
117054417,0,2100075987792069709,121.449907,39.095078,PICKUP,1583113031
117054417,4,2100076130186266042,121.453329,39.105805,PICKUP,1583126699
117055625,2,2100076137262024462,121.501863,39.075153,PICKUP,1583130073
117108625,0,2100076119586375248,121.418463,39.20219,PICKUP,1583121760
117108641,2,2100076118330344960,121.466403,39.107152,PICKUP,1583121143
117108873,2,2100076110337377787,121.539566,39.134662,PICKUP,1583119085
117108873,6,2100076165408490708,121.531429,39.125733,PICKUP,1583147373
117124913,0,2100076114365220841,121.487598,39.117835,PICKUP,1583121057
117160881,2,2100076137883665864,121.543372,39.083383,PICKUP,1583130557
117208745,0,2100076118278931590,121.753288,39.11028,PICKUP,1583121296
117672601,0,2100076108915770853,121.754035,39.110474,PICKUP,1583118466
117672601,2,2100076134910822070,121.753542,39.111398,PICKUP,1583127808
118006553,4,2100076134737315108,121.43044,38.905794,PICKUP,1583129403
118009457,0,2100075783631734482,121.529745,39.277043,PICKUP,1583114839
118180113,0,2100076119234577872,121.548353,39.139035,PICKUP,1583122909
118347857,2,2100076121204458981,121.629899,39.013811,PICKUP,1583122427
118394873,0,2100076138114549176,121.480028,39.06343,PICKUP,1583132698
118456833,0,2100076115813696576,121.568088,39.141036,PICKUP,1583121726
118475913,0,2100076098517763345,121.526662,39.210166,PICKUP,1583109882
118662905,4,2100076152067228982,121.548951,39.083592,PICKUP,1583141906
118666249,0,2100076104536294932,121.76973,39.107951,PICKUP,1583116028
118686593,0,2100076117521630919,121.523272,39.133284,PICKUP,1583122851
118702473,0,2100076092482586011,121.471166,39.168907,PICKUP,1583115560
118778673,0,2100076110717519290,121.560547,39.189461,PICKUP,1583118413
118787761,0,2100076115970098804,121.5321,39.250827,PICKUP,1583120411
118792033,0,2100076115536086198,121.527863,39.27704,PICKUP,1583120867
118795745,0,2100076117771978579,121.484569,39.148065,PICKUP,1583121991
118797393,0,2100076118976267820,121.487375,39.127212,PICKUP,1583121003
118803113,0,2100076109561497487,121.560004,39.140841,PICKUP,1583118693
118803113,2,2100076126313121312,121.559229,39.135566,PICKUP,1583124773
118804441,0,2100076110250279971,121.532329,39.251115,PICKUP,1583119116
118808025,0,2100076110014874799,121.474567,39.134945,PICKUP,1583119031
118808241,4,2100076151037494359,121.484318,39.068262,PICKUP,1583141441
118810873,0,2100076100395501031,121.484753,39.146021,PICKUP,1583111900
118810873,2,2100076113310156253,121.504778,39.140953,PICKUP,1583119566
118811593,0,2100076112959735583,121.478268,39.138963,PICKUP,1583120317
118817865,2,2100076157868410001,121.433022,39.14653,PICKUP,1583144403
118818985,2,2100076106485302690,121.468393,39.298284,PICKUP,1583117601
118818985,4,2100076119187195897,121.452192,39.298038,PICKUP,1583121465
118820073,0,2100076115354813923,121.604021,39.189813,PICKUP,1583122894
118828337,0,2100076112411657731,121.677107,39.137943,PICKUP,1583119244
118841633,4,2100076163061679544,121.477996,39.071297,PICKUP,1583147794
118851385,0,2100076110829454770,121.366346,39.148402,PICKUP,1583118801
118851385,2,2100076150873196369,121.366336,39.148361,PICKUP,1583141422
118877049,0,2100076119297525470,121.52006,39.223071,PICKUP,1583122130
118888121,0,2100076119640081556,121.520154,39.223272,PICKUP,1583121568
118891361,0,2100076108459508864,121.454825,39.181145,PICKUP,1583119211
118894089,2,2100076106336896882,121.533584,39.158705,PICKUP,1583118497
118917177,0,2100076111477769227,121.958877,39.590418,PICKUP,1583119789
118918993,4,2100076149667955723,121.959116,39.592581,PICKUP,1583139650
118924601,0,2100076114017879409,121.967051,39.605086,PICKUP,1583120370
118970329,0,2100076115452494968,122.238437,39.366399,PICKUP,1583120582
119543617,0,2100076118398600612,121.476765,39.107344,PICKUP,1583121569
119749201,2,2100076124898133525,121.459387,39.08623,PICKUP,1583123341
120551017,2,2100076125198255107,121.41877,39.199839,PICKUP,1583123895
120551017,4,2100076169745761771,121.429551,39.201285,PICKUP,1583151385
120601473,0,2100076099736962546,121.484218,39.186963,PICKUP,1583110852
120625801,2,2100076170466428925,121.641167,39.130571,PICKUP,1583152354
120948521,0,2100076109251020231,121.594088,39.204189,PICKUP,1583119271
120991385,2,2100076129304774600,121.445,38.97142,PICKUP,1583127218
121157737,2,2100076154644038850,121.396064,39.267162,PICKUP,1583142461
122154985,0,2100076122253165795,121.57275,39.206517,PICKUP,1583122591
122161113,0,2100076122311001214,121.488172,39.062751,PICKUP,1583122409
122726849,2,2100076155158070969,121.546976,39.083975,PICKUP,1583144146
122881657,0,2100076119109108792,121.713009,39.144137,PICKUP,1583121099
122881657,2,2100076143443936270,121.725119,39.141938,PICKUP,1583135159
123213849,0,2100076103719618198,121.557639,39.183418,PICKUP,1583118393
123314609,2,2100076147269666017,121.38439,39.233911,PICKUP,1583139514
123321857,0,2100076102221104629,121.436374,39.12262,PICKUP,1583113957
123321857,6,2100076147462964244,121.457006,39.12489,PICKUP,1583144275
123384985,0,2100076127508595719,121.525157,39.244647,PICKUP,1583124818
123497569,2,2100076157749298790,121.435991,39.183086,PICKUP,1583144813
123511401,0,2100076119853499661,121.541498,39.071689,PICKUP,1583121574
123931449,2,2100076139060463566,121.557371,39.178783,PICKUP,1583133335
123931449,6,2100076164559636446,121.561691,39.179288,PICKUP,1583148145
123968217,0,2100076103901676737,121.620501,39.11505,PICKUP,1583114074
124001625,0,2100076126121723774,121.535928,39.251538,PICKUP,1583123222
124267545,0,2100076109724124362,121.49943,39.061327,PICKUP,1583119516
124682649,0,2100076086653224887,121.531769,39.250704,PICKUP,1583118396
124682649,2,2100076123742209427,121.531363,39.250749,PICKUP,1583124166
124686817,4,2100076155333904233,121.568521,39.166179,PICKUP,1583144308
124924697,2,2100076156833530965,121.939655,39.590225,PICKUP,1583144981
125330265,0,2100076108643894920,121.554223,39.131843,PICKUP,1583120002
125812730,2,2100076138487940847,121.415379,39.129245,PICKUP,1583132989
10043299,0,2100076113058989852,121.594538,39.215564,PICKUP,1583120263
10075573,0,2100076113986094640,121.554151,39.139112,PICKUP,1583120532
10081729,2,2100076117392721787,121.5192,39.151162,PICKUP,1583120913
10081729,4,2100076157175792929,121.536737,39.160385,PICKUP,1583144960
10094682,0,2100076103038633336,121.526174,39.132915,PICKUP,1583119711
10102738,4,2100076168213759121,121.223008,39.129355,PICKUP,1583150162
10112683,0,2100076117059273738,121.448333,38.990838,PICKUP,1583121388
10126649,2,2100076104200193462,121.687635,39.14086,PICKUP,1583114392
10126649,4,2100076125783000502,121.687689,39.140817,PICKUP,1583124078
10148788,0,2100076115133760829,121.450194,39.217448,PICKUP,1583121119
10164305,0,2100076113015309335,121.563479,39.112934,PICKUP,1583120448
10181667,4,2100076141237601977,121.419634,39.16112,PICKUP,1583133856
10194017,2,2100076111807711042,121.465992,39.158874,PICKUP,1583119380
10206063,0,2100076118058043004,121.428166,39.197203,PICKUP,1583120736
10219599,0,2100076099105293906,121.587539,39.109785,PICKUP,1583112077
10232315,0,2100076091429095036,121.424107,39.196652,PICKUP,1583114399
10249075,0,2100076109355779940,121.578334,39.109398,PICKUP,1583118158
10282135,0,2100076091718075911,121.458941,39.176684,PICKUP,1583114938
10282591,2,2100076113639540048,121.520345,39.207049,PICKUP,1583121119
10304094,2,2100076130408761266,121.506426,39.164567,PICKUP,1583126196
10305435,0,2100076121448744665,121.543371,39.076228,PICKUP,1583122552
10311341,8,2100076156126857150,121.707839,39.266812,PICKUP,1583145143
10312874,0,2100076109087049279,121.484703,39.164519,PICKUP,1583118158
10319692,2,2100076092205893376,121.31007,39.143533,PICKUP,1583142124
10323658,0,2100076118159754704,121.616265,39.181828,PICKUP,1583121185
10328045,0,2100076099969550037,121.503236,39.198316,PICKUP,1583108893
10328045,2,2100076117537031893,121.503205,39.198304,PICKUP,1583122394
10328045,4,2100076138190603989,121.503339,39.198339,PICKUP,1583131075
10328045,8,2100076168296400597,121.499129,39.20531,PICKUP,1583150839
10354617,6,2100076155875591388,121.558363,39.173951,PICKUP,1583143613
10363032,0,2100076098691794006,121.51825,39.189109,PICKUP,1583108755
10377583,0,2100076108045518835,121.665968,39.022494,PICKUP,1583117986
10392452,2,2100076118613427808,121.483698,39.165902,PICKUP,1583121072
10393533,0,2100076107729372874,121.655703,39.25278,PICKUP,1583119609
10401287,0,2100076126286644838,121.575083,39.103625,PICKUP,1583123977
10405101,2,2100076161949992857,121.238853,38.94902,PICKUP,1583146800
10416004,0,2100076113791845540,121.465827,39.211356,PICKUP,1583122138
10416907,2,2100076172030379910,121.431246,39.28827,PICKUP,1583152938
10416907,4,2100076174738753482,121.436311,39.294728,PICKUP,1583160242
10417888,0,2100076104631879142,121.484492,39.164972,PICKUP,1583115442
10417888,2,2100076121309185124,121.482539,39.162556,PICKUP,1583122644
10457899,4,2100076138836658158,121.746381,39.529802,PICKUP,1583135372
10458730,0,2100076130461976534,121.613093,39.189818,PICKUP,1583125365
10458730,2,2100076155243922452,121.603492,39.205817,PICKUP,1583142520
10469547,0,2100076109050611597,121.584981,39.094066,PICKUP,1583118490
10476665,0,2100076095358666479,121.761661,39.106176,PICKUP,1583108634
10487413,4,2100076158395582142,121.529948,39.275699,PICKUP,1583145972
10489414,0,2100076122190153412,121.498515,39.057832,PICKUP,1583121700
10489414,4,2100076166763841281,121.499856,39.080244,PICKUP,1583148145
10492242,0,2100076099294889462,121.51447,39.189059,PICKUP,1583108392
10515576,2,2100076138906813922,121.610248,39.133663,PICKUP,1583131320
10531988,2,2100076151305241615,121.429217,39.062295,PICKUP,1583140960
10572143,0,2100076116672939632,121.527234,39.274782,PICKUP,1583120979
10591853,2,2100076122083427372,121.438188,39.194101,PICKUP,1583123731
10596763,0,2100076128249054996,121.661864,39.168572,PICKUP,1583125351
10596763,2,2100076161599145665,121.660468,39.171456,PICKUP,1583147734
10608129,0,2100076123022361943,121.52735,39.275388,PICKUP,1583122660
10619173,0,2100076101959780341,121.402487,39.196325,PICKUP,1583115508
10632815,0,2100076110548075940,121.471947,39.104881,PICKUP,1583119507
10645907,0,2100076108164629724,121.436503,39.294473,PICKUP,1583119555
10650683,6,2100076169720760294,121.530086,39.204167,PICKUP,1583151205
10664338,2,2100076150750413943,121.847417,39.163572,PICKUP,1583140475
10670465,0,2100076113158866450,121.487149,39.11788,PICKUP,1583120244
10678111,4,2100076157765158632,121.486611,39.138532,PICKUP,1583144915
10711258,0,2100076115171804278,121.552486,39.141586,PICKUP,1583120863
10724729,0,2100076102108743002,121.433573,39.065566,PICKUP,1583115262
10724729,4,2100076162881455348,121.433685,39.0657,PICKUP,1583146903
10731534,0,2100076114073257219,121.353643,39.428177,PICKUP,1583120644
10756966,0,2100076111926396477,121.459407,39.248638,PICKUP,1583121357
10763831,0,2100076119634020022,121.648538,39.183491,PICKUP,1583122001
10767994,0,2100076112360605077,121.401903,39.176674,PICKUP,1583119830
10770943,0,2100076115603096723,121.428482,39.196109,PICKUP,1583120035
10774871,4,2100076156848047385,121.428192,39.196086,PICKUP,1583145137
10775373,2,2100076134398657762,121.55739,39.178778,PICKUP,1583128666
10779201,0,2100076111346566456,121.595583,39.216103,PICKUP,1583118554
10781084,2,2100076123443332233,121.426871,39.085804,PICKUP,1583122622
10784899,2,2100076119882172181,121.554322,39.183931,PICKUP,1583121274
10797771,2,2100076123506476119,121.485628,39.062019,PICKUP,1583123456
10799255,0,2100076107044521236,121.594807,39.215203,PICKUP,1583118314
10815609,4,2100076145472079777,121.407636,39.189883,PICKUP,1583137106
10826871,0,2100076101600150778,121.539889,39.209564,PICKUP,1583110954
100006950,2,2100076141339641107,121.411789,39.033671,PICKUP,1583135963
100076651,0,2100076114726356106,121.41666,39.175574,PICKUP,1583119949
100122337,2,2100076163964339975,121.58136,39.21173,PICKUP,1583147863
100166169,0,2100076104806434682,121.551293,39.151708,PICKUP,1583114750
101009538,0,2100076111770813731,121.799423,39.145361,PICKUP,1583119378
101166018,4,2100076170328704805,121.471913,39.063663,PICKUP,1583151087
101419538,0,2100076098684224612,121.643197,39.142887,PICKUP,1583109568
101419538,2,2100076119964222764,121.617049,39.133698,PICKUP,1583121415
101419538,8,2100076172068160812,121.617194,39.133753,PICKUP,1583153354
101915922,0,2100076117458290003,121.689658,39.281759,PICKUP,1583120907
101958914,0,2100076019220088577,121.366339,39.139005,PICKUP,1583120839
101992442,0,2100076121036129516,121.485531,39.128244,PICKUP,1583122484
102106834,2,2100076133744936747,121.53134,39.182771,PICKUP,1583127257
102117082,4,2100076147861357958,121.460445,39.28405,PICKUP,1583142879
102225434,2,2100076103682590179,121.660224,39.303807,PICKUP,1583116828
102358466,2,2100076109293782610,121.551361,39.075675,PICKUP,1583119522
102449370,4,2100076160926254589,121.665133,39.248424,PICKUP,1583145820
102503626,0,2100076121376785468,121.602296,39.139229,PICKUP,1583123760
102837378,0,2100076099502671578,121.450549,39.151785,PICKUP,1583112378
102895674,0,2100076105702802743,121.447027,39.210774,PICKUP,1583117682
102938282,6,2100076171028104838,121.471583,39.295007,PICKUP,1583151544
103006362,2,2100076109126698930,121.524239,39.183694,PICKUP,1583119262
103006362,4,2100076131917071862,121.49928,39.16887,PICKUP,1583127262
103161530,0,2100076111511717472,121.617417,39.13396,PICKUP,1583120949
103258066,8,2100076165963613314,121.429219,39.2053,PICKUP,1583148307
103328290,2,2100076147500876818,121.220134,39.125239,PICKUP,1583140628
103328290,4,2100076163331622695,121.22349,39.129246,PICKUP,1583147654
103441042,0,2100076113392764030,121.427052,39.062414,PICKUP,1583120498
103645298,0,2100076119318824696,121.60036,39.137721,PICKUP,1583123408
103738138,0,2100076119370597616,121.584083,39.147713,PICKUP,1583122019
104583538,0,2100076103642514918,121.484082,39.164499,PICKUP,1583115501
105898418,0,2100076110476543145,121.494501,39.198325,PICKUP,1583119214
106108922,0,2100076118300591344,121.591019,39.20571,PICKUP,1583122320
106359962,0,2100076111815149467,121.418598,39.252669,PICKUP,1583119782
106834122,2,2100076152464082398,121.570222,39.115216,PICKUP,1583142385
107080018,4,2100076162562229383,121.524699,39.120145,PICKUP,1583146613
107672506,0,2100076116305020535,121.533786,39.083304,PICKUP,1583121131
108061506,2,2100076121762858418,121.431747,39.308523,PICKUP,1583122385
109539178,2,2100076113990584217,121.490812,39.185688,PICKUP,1583119627
109772898,0,2100076139004691958,121.510814,39.169279,PICKUP,1583132037
109903274,0,2100076109130499736,121.765803,39.39843,PICKUP,1583119198
110373306,0,2100076114753848668,121.360036,39.183873,PICKUP,1583120665
110624410,0,2100076109582533942,121.463468,39.084927,PICKUP,1583118500
110958146,0,2100076110320600304,121.599558,39.208045,PICKUP,1583120501
111025498,0,2100076119884039850,121.603124,39.188352,PICKUP,1583122034
111069178,0,2100076098183727065,121.538044,39.172204,PICKUP,1583109586
111269722,0,2100076099684664818,121.485345,39.186044,PICKUP,1583109901
111269722,4,2100076152073126986,121.472551,39.19943,PICKUP,1583141211
112007530,0,2100076115805636369,121.535699,39.083387,PICKUP,1583121888
112804090,0,2100076097158055408,121.530103,39.15885,PICKUP,1583119741
113022562,0,2100076099710387879,121.672755,39.133916,PICKUP,1583112711
113078386,0,2100076117984806051,121.524768,39.12723,PICKUP,1583120987
113396953,0,2100076123563296096,121.572834,39.082943,PICKUP,1583122587
113601193,0,2100076097407551100,121.428449,39.196512,PICKUP,1583114904
113666817,2,2100076141042501127,121.456415,39.184752,PICKUP,1583135457
114323969,2,2100076120720017245,121.527915,39.276902,PICKUP,1583122940
114454825,0,2100076120948213515,121.513801,39.025206,PICKUP,1583123077
114454825,2,2100076160470353704,121.514997,39.040998,PICKUP,1583144454
114595425,0,2100076118047229559,121.555191,39.177405,PICKUP,1583120849
114595465,0,2100076111951595285,121.558497,39.173933,PICKUP,1583119871
114634969,0,2100076109648758320,121.552832,39.140256,PICKUP,1583120442
114716833,0,2100076113054402548,121.546504,39.208113,PICKUP,1583120004
115025641,4,2100076173974865550,121.7436,39.547995,PICKUP,1583155924
115777233,0,2100076114969658414,122.225023,39.360069,PICKUP,1583120491
115861121,4,2100076160960235515,121.397616,39.107704,PICKUP,1583146105
116024137,2,2100076115549652735,121.772826,39.098702,PICKUP,1583123264
116050601,2,2100076165149689417,121.569549,39.151723,PICKUP,1583147185
116119961,0,2100076110800880833,121.484157,39.064902,PICKUP,1583119779
116274473,0,2100076152006641620,121.408449,39.139308,PICKUP,1583141030
116446601,0,2100076117339473666,121.524315,39.255525,PICKUP,1583121316
116446601,2,2100076158071899707,121.530233,39.249488,PICKUP,1583145228
117010761,4,2100076170868229641,121.613703,39.083313,PICKUP,1583154135
117013905,2,2100076126879876834,121.279164,39.150968,PICKUP,1583124283
117013905,4,2100076139200546334,121.2861,39.145535,PICKUP,1583131287
117013905,8,2100076162517959958,121.285688,39.140341,PICKUP,1583147075
117020457,2,2100076135163298827,121.389561,39.246933,PICKUP,1583129580
117025081,0,2100076113149626081,121.455621,39.108946,PICKUP,1583121022
117026369,4,2100076158367565301,121.582839,39.229002,PICKUP,1583145059
117049569,0,2100076115427132876,121.220765,39.126872,PICKUP,1583120533
117049569,4,2100076156487763117,121.220677,39.162749,PICKUP,1583144087
117051577,6,2100076170804266401,121.223707,39.110081,PICKUP,1583153084
117054081,0,2100076110108754971,121.390134,39.247516,PICKUP,1583118993
117054313,0,2100076112538207276,121.427768,39.195803,PICKUP,1583119710
117055625,0,2100076102887638520,121.499767,39.07525,PICKUP,1583120382
117055625,6,2100076165109188357,121.514616,39.08337,PICKUP,1583147631
117067033,0,2100076098776532755,121.664455,39.168705,PICKUP,1583109728
117067033,2,2100076153900631234,121.664216,39.184066,PICKUP,1583143077
117067361,4,2100076157734290461,121.661015,39.16939,PICKUP,1583144075
117068537,2,2100076110529365424,121.960975,39.591951,PICKUP,1583118916
117068537,4,2100076122713294766,121.960975,39.591951,PICKUP,1583122895
117068537,6,2100076150697756016,121.959175,39.593175,PICKUP,1583141338
117075241,6,2100076154354795531,121.960831,39.593825,PICKUP,1583142623
117109065,2,2100076140667962974,121.438707,39.109129,PICKUP,1583136582
117428305,0,2100076149297022038,121.523145,39.279784,PICKUP,1583141131
117464353,8,2100076169849275868,121.61892,39.013059,PICKUP,1583153454
117779017,0,2100076107057268413,121.340552,39.119593,PICKUP,1583117391
117779017,4,2100076144113977021,121.318575,39.111321,PICKUP,1583135574
117779017,6,2100076158144874256,121.35023,39.107557,PICKUP,1583144698
117916001,2,2100076121024431664,121.4082,39.189932,PICKUP,1583123601
118006553,2,2100076115145328363,121.426369,38.902198,PICKUP,1583120638
118006553,6,2100076141483984752,121.434165,38.88824,PICKUP,1583134372
118006553,8,2100076152974673808,121.434914,38.903987,PICKUP,1583141788
118009457,2,2100076128211567798,121.527108,39.27797,PICKUP,1583125388
118009457,4,2100076167490569949,121.5371,39.285384,PICKUP,1583149200
118066617,0,2100076166700795527,121.571506,39.218807,PICKUP,1583149519
118206785,0,2100076115379193221,121.448079,39.210516,PICKUP,1583121060
118248009,0,2100076104650098063,121.416964,39.203238,PICKUP,1583118399
118322689,0,2100076109758367467,121.435076,38.90317,PICKUP,1583120157
118347857,0,2100076098174420921,121.587469,39.027394,PICKUP,1583109547
118427817,0,2100076099081766161,121.540864,39.211705,PICKUP,1583110204
118437025,0,2100076117393475502,121.608751,39.214149,PICKUP,1583121807
118559025,0,2100076098711913907,121.213168,38.94551,PICKUP,1583109665
118661681,0,2100076111531967978,121.598257,39.111202,PICKUP,1583120082
118662905,0,2100076121787499662,121.549995,39.083767,PICKUP,1583122707
118665761,6,2100076158596908126,121.770902,39.106107,PICKUP,1583144474
118667561,0,2100076110504461647,121.778755,39.094599,PICKUP,1583119161
118673761,2,2100076114132534381,121.764668,39.102181,PICKUP,1583120380
118673761,4,2100076157928703989,121.755382,39.096758,PICKUP,1583144290
118686593,2,2100076149807449652,121.523338,39.133156,PICKUP,1583141091
118690377,6,2100076163829007988,121.710345,39.263142,PICKUP,1583147385
118702473,2,2100076160453969230,121.468849,39.169626,PICKUP,1583145381
118713201,6,2100076152500160261,121.408445,39.189965,PICKUP,1583141758
118760649,0,2100076104333198490,121.476443,39.122459,PICKUP,1583114822
118771169,0,2100076117296415842,121.467366,39.298334,PICKUP,1583121350
118782929,0,2100076100415555271,121.560355,39.185728,PICKUP,1583117020
118785289,0,2100076126266197899,121.469762,39.17068,PICKUP,1583124874
118785289,2,2100076157344155531,121.46927,39.170955,PICKUP,1583145140
118789345,4,2100076125461021883,121.558562,39.198567,PICKUP,1583123828
118789929,4,2100076128821348249,121.488457,39.140613,PICKUP,1583125382
118791265,0,2100076101102175839,121.445001,39.162734,PICKUP,1583114295
118792841,4,2100076166253938288,121.520683,39.223094,PICKUP,1583149629
118794633,0,2100076095207179536,121.568894,39.182719,PICKUP,1583115928
118796473,0,2100076112598075352,121.420052,39.160954,PICKUP,1583120697
118800337,0,2100076116615365905,121.520168,39.223162,PICKUP,1583120910
118800777,0,2100076113015801513,121.492748,39.17571,PICKUP,1583120341
118800849,2,2100076124848195360,121.492173,39.132362,PICKUP,1583124331
118802473,2,2100076130860860680,121.527966,39.277127,PICKUP,1583125609
118802473,4,2100076155251656106,121.527717,39.277008,PICKUP,1583143457
118808241,2,2100076136489289463,121.47958,39.072292,PICKUP,1583131020
118808889,0,2100076098910815951,121.528425,39.277718,PICKUP,1583114311
118811881,0,2100076116567885537,121.45342,39.10595,PICKUP,1583120450
118813289,0,2100076110229735162,121.488335,39.127786,PICKUP,1583118837
118814697,0,2100076109254854146,121.682187,39.133283,PICKUP,1583119093
118814697,2,2100076142718027599,121.690592,39.126044,PICKUP,1583135377
118818985,10,2100076159639389752,121.459786,39.298005,PICKUP,1583145268
118819825,0,2100076124777056166,121.581127,39.21147,PICKUP,1583123722
118823393,0,2100076117936473263,121.476971,39.144019,PICKUP,1583120923
118828337,2,2100076130234729924,121.69594,39.142643,PICKUP,1583126128
118916297,0,2100076099526723056,121.957992,39.598291,PICKUP,1583106056
118918993,0,2100076115202934308,121.974177,39.594064,PICKUP,1583120498
118923665,0,2100076124089975868,121.958859,39.590335,PICKUP,1583122902
118981753,0,2100076126887086051,121.707851,39.266785,PICKUP,1583124239
119071601,0,2100076107783734424,121.530581,39.201316,PICKUP,1583117032
119285537,0,2100076113241507085,121.47737,39.072377,PICKUP,1583119881
119439657,0,2100076095806146217,121.411128,39.370793,PICKUP,1583116562
120130201,2,2100076104916436109,121.487345,39.115041,PICKUP,1583118422
120434978,4,2100076151866426417,121.41325,39.042928,PICKUP,1583142778
120508210,2,2100076139387881295,121.809423,39.136678,PICKUP,1583133787
120550817,0,2100076114248631299,121.418699,39.19996,PICKUP,1583121288
120561993,0,2100076115875235185,121.542423,39.268903,PICKUP,1583120889
120601473,6,2100076158128653472,121.485654,39.194739,PICKUP,1583144500
120882097,2,2100076116839270288,121.431723,38.905887,PICKUP,1583121973
120991385,0,2100076116954187257,121.443642,38.979118,PICKUP,1583120811
121074881,0,2100076101565843183,121.439963,39.004348,PICKUP,1583110472
121123553,0,2100076115105744631,121.48126,39.073437,PICKUP,1583120162
121163233,0,2100076105256305842,121.35264,39.054311,PICKUP,1583116889
121572297,0,2100076116252558671,121.760806,39.095138,PICKUP,1583120185
121658489,4,2100076140461491736,121.547469,39.20772,PICKUP,1583141583
121957913,0,2100076121993807573,121.504278,39.200262,PICKUP,1583122321
121957913,4,2100076150787573461,121.503149,39.198402,PICKUP,1583140517
121974361,4,2100076162321810489,121.326982,38.979829,PICKUP,1583147023
122077169,0,2100076116298695899,121.611491,39.118131,PICKUP,1583120676
122154985,4,2100076167721191270,121.59566,39.210544,PICKUP,1583148604
122244937,0,2100076108642846195,121.553886,39.139635,PICKUP,1583119617
122726849,0,2100076140049335974,121.544152,39.083485,PICKUP,1583133360
122942881,4,2100076175297218164,121.630438,39.134918,PICKUP,1583157951
123025297,0,2100076114519721875,121.558869,39.140131,PICKUP,1583120464
123241265,0,2100076117660173486,121.551502,39.1409,PICKUP,1583122342
123314609,0,2100076092259140833,121.400466,39.234512,PICKUP,1583111877
123321857,4,2100076142382154956,121.457736,39.131666,PICKUP,1583135850
123563353,0,2100076111811085788,121.443211,39.25832,PICKUP,1583119778
123763529,0,2100076114619434202,121.560212,39.176317,PICKUP,1583119504
123763529,2,2100076124689172129,121.562827,39.175918,PICKUP,1583124730
124001625,2,2100076138721675217,121.535652,39.259446,PICKUP,1583133192
124686817,0,2100076112043542377,121.573801,39.167034,PICKUP,1583119997
124928417,2,2100076125868459720,121.535166,39.079672,PICKUP,1583123809
125119169,0,2100076111544813014,121.484413,39.1281,PICKUP,1583119457
125387458,0,2100076107065590992,121.610122,39.136466,PICKUP,1583119109
125608938,4,2100076107326097378,121.604103,39.202708,PICKUP,1583118552
125996858,0,2100076111113356623,121.446994,39.210705,PICKUP,1583119029
10007871,0,2100076113216276281,121.631225,39.142331,DELIVERY,1583120852
10102738,2,2100076147789629096,121.219778,39.149741,DELIVERY,1583140428
10138087,0,2100076097137411708,121.429767,39.198966,DELIVERY,1583115094
10272326,0,2100076099293283830,121.515884,39.181001,DELIVERY,1583110617
10294613,0,2100076108649334586,121.428671,39.196368,DELIVERY,1583120308
10328045,6,2100076155317782229,121.503264,39.198334,DELIVERY,1583144318
10515576,0,2100076110761953152,121.617386,39.133903,DELIVERY,1583119655
10553059,2,2100076140022466307,121.428623,39.271858,DELIVERY,1583134153
10663375,2,2100076135823574136,121.387943,39.37536,DELIVERY,1583131986
10665583,2,2100076148006061615,121.452155,39.209312,DELIVERY,1583141361
10671104,0,2100076098606401008,121.403201,39.052609,DELIVERY,1583108223
10671104,4,2100076142437205488,121.403099,39.052609,DELIVERY,1583137591
10712195,2,2100076124869723831,121.561081,39.189363,DELIVERY,1583124189
10742814,0,2100076104622048742,121.484053,39.164526,DELIVERY,1583116314
10803665,0,2100076115962398687,121.490035,39.122061,DELIVERY,1583120710
10803667,0,2100076118168536867,121.506045,39.104508,DELIVERY,1583123724
102106834,0,2100076102766855261,121.518094,39.174079,DELIVERY,1583119164
102938282,0,2100076119070508292,121.431792,39.308078,DELIVERY,1583122804
103216506,0,2100076104980006867,121.616505,39.111027,DELIVERY,1583117726
106205842,0,2100076098138015216,121.379757,39.062866,DELIVERY,1583109949
106205842,4,2100076160218891760,121.402938,39.0528,DELIVERY,1583146604
106246218,2,2100076125788145232,121.672952,39.338547,DELIVERY,1583124431
106581010,0,2100076098769684223,121.642653,39.144071,DELIVERY,1583111130
108136778,2,2100076124028601830,121.482369,39.16033,DELIVERY,1583123948
110958146,2,2100076126042490542,121.598803,39.195699,DELIVERY,1583125868
113666801,0,2100076116603963137,121.459142,39.185369,DELIVERY,1583120836
113977305,0,2100076115730826513,121.525104,39.212165,DELIVERY,1583121408
117024145,0,2100076107731535692,121.479021,39.072074,DELIVERY,1583121148
117026369,0,2100076104699217627,121.581892,39.229094,DELIVERY,1583117201
117031321,0,2100076111135966718,121.573786,39.173198,DELIVERY,1583119712
117108625,4,2100076168613496400,121.438137,39.19364,DELIVERY,1583151588
118200593,0,2100076117050001275,121.527512,39.150963,DELIVERY,1583121799
118667561,4,2100076164296509411,121.753895,39.099376,DELIVERY,1583148338
118795745,2,2100076134268765671,121.487429,39.140415,DELIVERY,1583128754
118798041,0,2100076104252753850,121.486474,39.145785,DELIVERY,1583114200
118798201,10,2100076162677277836,121.473757,39.133293,DELIVERY,1583148288
118805001,0,2100076129834370169,121.382743,39.161837,DELIVERY,1583126951
118805001,2,2100076167603094649,121.3831,39.161691,DELIVERY,1583155302
118805049,0,2100076101611718119,121.486468,39.136569,DELIVERY,1583112341
119594593,0,2100076097118176862,121.439514,39.100039,DELIVERY,1583114806
120407090,0,2100076115847644323,121.431321,39.198608,DELIVERY,1583121698
120434978,0,2100076118630172480,121.404825,39.03466,DELIVERY,1583123033
120550817,4,2100076166083970684,121.431553,39.198692,DELIVERY,1583148841
121187857,0,2100076107427350229,121.503141,39.19829,DELIVERY,1583119832
121957913,2,2100076136961935061,121.503551,39.200317,DELIVERY,1583131315
122904977,0,2100076110064911486,121.621861,39.128973,DELIVERY,1583119028
123397273,0,2100076122229769275,121.625104,39.14633,DELIVERY,1583122585
124259025,2,2100076102632768666,121.574181,39.114069,DELIVERY,1583114332
10038649,0,2100076115454068727,121.356832,39.289585,DELIVERY,1583121802
10038649,2,2100076153004591093,121.340471,39.295182,DELIVERY,1583142125
10043801,0,2100076109946554240,121.449325,39.115309,DELIVERY,1583120037
10063068,0,2100076120731354520,121.494838,39.068115,DELIVERY,1583123107
10100267,2,2100076128999311351,121.415467,39.270677,DELIVERY,1583126193
10123801,4,2100076142000047270,121.466862,39.095096,DELIVERY,1583136350
10165771,0,2100076108567282721,121.524546,39.193304,DELIVERY,1583119268
10194640,2,2100076121913787786,121.428697,39.196507,DELIVERY,1583122498
10208063,0,2100076091824145632,121.486594,39.024287,DELIVERY,1583114192
10232969,0,2100076108901778659,121.459473,39.107249,DELIVERY,1583119331
10249075,6,2100076153384076428,121.578703,39.109401,DELIVERY,1583142192
10272985,0,2100076108172526730,121.466744,39.096504,DELIVERY,1583119182
10278503,2,2100076130341422962,121.643812,39.135319,DELIVERY,1583125870
10289729,2,2100076171045209675,121.460461,39.130112,DELIVERY,1583152819
10298963,4,2100076164520642189,121.53158,39.250757,DELIVERY,1583148663
10305435,2,2100076156534818275,121.548762,39.08368,DELIVERY,1583145363
10324609,2,2100076168384481264,121.592217,39.126383,DELIVERY,1583149903
10361752,2,2100076147655214993,121.299595,39.128952,DELIVERY,1583139846
10386183,2,2100076128166642699,121.469526,39.170865,DELIVERY,1583128182
10386183,4,2100076153586583043,121.468626,39.171018,DELIVERY,1583142119
10404691,0,2100076108773557696,121.43727,39.18219,DELIVERY,1583118930
10408117,4,2100076155490863098,121.574719,39.102375,DELIVERY,1583145238
10416024,6,2100076171283760883,121.45317,39.212867,DELIVERY,1583152160
10499607,0,2100076111919187225,121.55865,39.173918,DELIVERY,1583120400
10515102,0,2100076116780778835,121.523236,39.13331,DELIVERY,1583121997
10531988,0,2100076117546894517,121.409374,39.060084,DELIVERY,1583120981
10566682,2,2100076155646051512,121.475395,39.194014,DELIVERY,1583142964
10576831,0,2100076115040339966,121.545509,39.208515,DELIVERY,1583120674
10579286,0,2100076108184913514,121.535274,39.075779,DELIVERY,1583119819
10598602,0,2100076100374005497,121.791067,39.096817,DELIVERY,1583111455
10619176,0,2100076099674506299,121.425972,39.182649,DELIVERY,1583109676
10622520,2,2100076155799602892,121.621174,39.154392,DELIVERY,1583143767
10636336,0,2100076112352543783,121.407277,39.237758,DELIVERY,1583120510
10650683,0,2100076095479285508,121.533695,39.199879,DELIVERY,1583112845
10650683,2,2100076115850626710,121.514344,39.194579,DELIVERY,1583121722
10659627,0,2100076116246234235,121.582011,39.163184,DELIVERY,1583120870
10659886,4,2100076155908425328,121.22723,39.152684,DELIVERY,1583143878
10665583,0,2100076121395463726,121.453484,39.209102,DELIVERY,1583123015
10671986,0,2100076106023569153,121.36574,39.143559,DELIVERY,1583119856
10678111,0,2100076110147651422,121.484607,39.127506,DELIVERY,1583119796
10703923,0,2100076112066544734,121.53043,39.206477,DELIVERY,1583119827
10721724,2,2100076159205835986,121.439559,39.10233,DELIVERY,1583144947
10724729,2,2100076128650429675,121.440956,39.065637,DELIVERY,1583126199
10770945,0,2100076110314473390,121.419482,39.193487,DELIVERY,1583119222
10784899,4,2100076129171539569,121.552316,39.179266,DELIVERY,1583125660
10784899,6,2100076161148126434,121.539548,39.177157,DELIVERY,1583145129
10787521,6,2100076161654457485,121.495787,39.29521,DELIVERY,1583146942
10803667,2,2100076162157938631,121.487901,39.111582,DELIVERY,1583146098
10805160,2,2100076165544117944,121.614847,39.021489,DELIVERY,1583149108
100023698,0,2100076121173722274,121.374279,39.135567,DELIVERY,1583121529
100177162,0,2100076107301160325,121.605449,39.118419,DELIVERY,1583119084
101009538,2,2100076133604263483,121.786504,39.14696,DELIVERY,1583127197
101147106,4,2100076117598144254,121.422198,39.19339,DELIVERY,1583121866
101266154,0,2100076105703326913,121.377977,39.122925,DELIVERY,1583119183
102333794,0,2100076110294779119,121.353457,39.430399,DELIVERY,1583119286
102386650,0,2100076108551062629,121.47926,39.2114,DELIVERY,1583119535
102449370,0,2100076110806680671,121.688666,39.223863,DELIVERY,1583120102
102449370,2,2100076144659498955,121.685907,39.227564,DELIVERY,1583139213
102505842,0,2100076141616465555,121.605426,39.179471,DELIVERY,1583137203
103216506,2,2100076129899152883,121.603274,39.113651,DELIVERY,1583125352
105233010,2,2100076108504172411,121.531369,39.14229,DELIVERY,1583120169
106164450,0,2100076103757628585,121.465284,39.159248,DELIVERY,1583118224
106277138,0,2100076118063253462,121.612808,39.18939,DELIVERY,1583122009
106359898,2,2100076132063971054,121.42461,39.252519,DELIVERY,1583126182
106834122,0,2100076117241464042,121.574118,39.113611,DELIVERY,1583121183
107045802,2,2100076155356251372,121.605472,39.189712,DELIVERY,1583144401
107130514,0,2100076127011767763,121.233815,39.132255,DELIVERY,1583126251
107736970,0,2100076111262189097,121.536881,39.105969,DELIVERY,1583120308
109539178,4,2100076133197678160,121.523803,39.183792,DELIVERY,1583129288
109539178,6,2100076144790275883,121.52401,39.184349,DELIVERY,1583137049
110042570,0,2100076112205842378,121.574813,39.137146,DELIVERY,1583121721
110997610,0,2100076117468710576,121.601654,39.137413,DELIVERY,1583121187
111025498,4,2100076170741712180,121.602635,39.201865,DELIVERY,1583152040
111356426,2,2100076147913458938,121.752756,39.140196,DELIVERY,1583140337
112040778,0,2100076094837360254,121.45904,39.282439,DELIVERY,1583112849
112480378,2,2100076119188178752,121.492927,39.19972,DELIVERY,1583121420
113186569,4,2100076143320073879,121.342672,39.431596,DELIVERY,1583137265
113736177,6,2100076161370523270,121.551552,39.151316,DELIVERY,1583145878
113782457,2,2100076149199111399,121.41782,39.260421,DELIVERY,1583140736
114464161,2,2100076104966768117,121.453699,39.13183,DELIVERY,1583116593
114674785,0,2100076123973780762,121.713058,39.144133,DELIVERY,1583123648
114674785,2,2100076135990593310,121.712683,39.143191,DELIVERY,1583128943
114797801,0,2100076110448297465,121.449387,38.975362,DELIVERY,1583119214
115073537,2,2100076146621548192,121.255074,38.947589,DELIVERY,1583141934
115164545,0,2100076169055044615,121.435456,39.172837,DELIVERY,1583150724
115598089,0,2100076109362889748,121.452539,39.127877,DELIVERY,1583119294
116034321,4,2100076164156098239,121.557181,39.089551,DELIVERY,1583148446
116133289,4,2100076156581807391,121.468268,39.16061,DELIVERY,1583144064
116706233,4,2100076140369675824,121.532934,39.250784,DELIVERY,1583136400
116971497,4,2100076144468690096,121.677432,39.17836,DELIVERY,1583136824
116989929,0,2100076103102760091,121.764838,39.123103,DELIVERY,1583116517
117022737,2,2100076123693287323,121.424887,39.252018,DELIVERY,1583124784
117027985,0,2100076109930825159,121.581518,39.211565,DELIVERY,1583119832
117031713,0,2100076120882841023,121.522021,39.216628,DELIVERY,1583122119
117056185,0,2100076102681167528,121.218734,39.15287,DELIVERY,1583116362
117066833,2,2100076124728657786,121.670516,39.168928,DELIVERY,1583123975
117069353,0,2100076099697182304,121.672535,39.171305,DELIVERY,1583109801
117069353,2,2100076125077767878,121.65971,39.158823,DELIVERY,1583123691
117069697,2,2100076154522797878,121.942647,39.596249,DELIVERY,1583143268
117075241,2,2100076108529436016,121.976091,39.598271,DELIVERY,1583119690
117075241,4,2100076124843377877,121.967609,39.606455,DELIVERY,1583124244
117109065,0,2100076108447975419,121.430281,39.093738,DELIVERY,1583120562
117208745,2,2100076157132047695,121.75383,39.1109,DELIVERY,1583144783
117464353,2,2100076120752850717,121.600974,39.000199,DELIVERY,1583124671
118248009,2,2100076123130299722,121.424279,39.203373,DELIVERY,1583122564
118322689,4,2100076150988769168,121.425827,38.905843,DELIVERY,1583142051
118558089,0,2100076107559896394,121.418914,39.200147,DELIVERY,1583118344
118665761,0,2100076100134471248,121.77913,39.096654,DELIVERY,1583115057
118771169,4,2100076162217412560,121.468492,39.287383,DELIVERY,1583146207
118774137,2,2100076170663789631,121.443512,39.2584,DELIVERY,1583152379
118789185,2,2100076124988048861,121.490465,39.139926,DELIVERY,1583123789
118790761,0,2100076112821617937,121.525758,39.220401,DELIVERY,1583121223
118792841,0,2100076116389135865,121.519994,39.223144,DELIVERY,1583121917
118793961,0,2100076115466454736,121.563418,39.173952,DELIVERY,1583120882
118797201,0,2100076100775609492,121.500959,39.098104,DELIVERY,1583112142
118798201,6,2100076125473834770,121.494238,39.119695,DELIVERY,1583123890
118798641,2,2100076123406992914,121.474206,39.134197,DELIVERY,1583124049
118800217,2,2100076123924137951,121.535779,39.252501,DELIVERY,1583123230
118800337,2,2100076165537170664,121.521663,39.216612,DELIVERY,1583148891
118800777,4,2100076163651503412,121.468725,39.169952,DELIVERY,1583147113
118810873,6,2100076165132093345,121.491499,39.119899,DELIVERY,1583148387
118817865,0,2100076122316801169,121.422896,39.151535,DELIVERY,1583123747
118877049,2,2100076159043897054,121.519971,39.223118,DELIVERY,1583145634
118890377,2,2100076126742250899,121.582783,39.137004,DELIVERY,1583124633
118916617,0,2100076109711869467,121.744828,39.533728,DELIVERY,1583119597
119500977,0,2100076112593946287,121.572562,39.171933,DELIVERY,1583119904
119594593,2,2100076117895743256,121.456045,39.095265,DELIVERY,1583120947
120434978,2,2100076139323983580,121.421188,39.042914,DELIVERY,1583132708
120601473,4,2100076150347138692,121.48307,39.197472,DELIVERY,1583140066
120817089,2,2100076153579045946,121.676308,39.014107,DELIVERY,1583143482
121788009,0,2100076113328702479,121.529254,39.063645,DELIVERY,1583120890
122420209,2,2100076112067561291,121.435865,39.183033,DELIVERY,1583119594
123321857,2,2100076122572359503,121.435824,39.115584,DELIVERY,1583123199
123510313,0,2100076108575704464,121.746207,39.532323,DELIVERY,1583120017
123510313,2,2100076137586918556,121.74625,39.533961,DELIVERY,1583132130
123931449,4,2100076153488803306,121.558734,39.17418,DELIVERY,1583143539
124981409,2,2100076127118788477,121.527612,39.277332,DELIVERY,1583124564
125779698,2,2100076139472880670,121.61715,39.17999,DELIVERY,1583134560
10181667,2,2100076126128211348,121.413032,39.14998,DELIVERY,1583123700
10250573,4,2100076161314358727,121.552287,39.310611,DELIVERY,1583146484
10781084,0,2100076098271348691,121.407,39.084115,DELIVERY,1583116985
108061506,0,2100076097371997838,121.446276,39.297665,DELIVERY,1583112415
117451033,4,2100076133291198395,121.474269,39.106784,DELIVERY,1583127218
123459073,0,2100076112216163587,121.57541,39.152015,DELIVERY,1583121430
124274137,0,2100076113149527110,121.538097,39.178941,DELIVERY,1583120954
